0.602108657
0.796
0.796
0.796
0.796
0.796
0.796
0.796
0.744444444
0.67
0.609090909
0.558333333
0.515384615
0.478571429
0.446666667
0.41875
0.394117647
0.372222222
0.352631579
0.335
0.319047619
0.304545455
0.291304348
0.279166667
0.268
0.243636364
0.223333333
0.206153846
0.191428571
0.178666667
0.1675
0.157647059
0.148888889
0.141052632
0.134
0.127619048
0.121818182
0.116521739
0.111666667
0.1072
0.103076923
0.099259259
0.095714286
0.092413793
0.089333333
0.086451613
0.08375
0.081212121
0.078823529
0.076571429
0.074444444
0.072432432
0.070526316
0.068717949
0.067
0.065365854
0.063809524
0.062325581
0.060909091
0.059555556
0.05826087
0.057021277
0.055833333
0.054693878
0.0536
0.05254902
0.051538462
0.050566038
0.04962963
0.048727273
0.047857143
0.047017544
0.046206897
0.045423729
0.044666667
0.043934426
0.043225806
0.042539683
0.041875
0.041230769
0.040606061
0.04
0.039411765
0.03884058
0.038285714
0.037746479
0.037222222
0.036712329
0.036216216
0.035733333
0.035263158
0.034805195
0.034358974
0.033924051
0.0335
0.032677945
0.031885782
0.031122079
0.030385488
0.02967474
