  -4.5161222e-03
  -4.5127256e-03
  -4.5120764e-03
  -4.5154534e-03
  -4.5169684e-03
  -4.5148889e-03
  -4.5196193e-03
  -4.5298169e-03
  -4.5317980e-03
  -4.5400073e-03
  -4.5782811e-03
  -4.6093115e-03
  -4.5753968e-03
  -4.5133790e-03
  -4.5065160e-03
  -4.5393393e-03
  -4.5604625e-03
  -4.6382611e-03
  -4.8349885e-03
  -4.9989391e-03
  -4.9557034e-03
  -4.8146578e-03
  -4.7769014e-03
  -4.7849084e-03
  -4.7302814e-03
  -4.7972741e-03
  -5.1381562e-03
  -5.4499537e-03
  -5.4057389e-03
  -5.2282820e-03
  -5.2589464e-03
  -5.3197223e-03
  -5.1594225e-03
  -5.0784552e-03
  -5.3384053e-03
  -5.4660944e-03
  -5.0235445e-03
  -4.5157384e-03
  -4.5973391e-03
  -5.0215803e-03
  -5.3702103e-03
  -6.0133975e-03
  -7.1696007e-03
  -7.8954234e-03
  -7.3435756e-03
  -6.1499602e-03
  -5.2444306e-03
  -4.3390630e-03
  -3.0311172e-03
  -2.1449044e-03
  -2.2943486e-03
  -2.4054452e-03
  -1.4740437e-03
  -4.4535392e-04
  -5.0104351e-04
  -1.0096677e-03
  -1.1380097e-03
  -1.7370395e-03
  -3.4196718e-03
  -4.6308081e-03
  -4.0529884e-03
  -3.0627693e-03
  -3.3561129e-03
  -4.1958083e-03
  -4.5254765e-03
  -5.4059643e-03
  -7.4923058e-03
  -8.5989158e-03
  -6.9106406e-03
  -4.1798452e-03
  -2.6731378e-03
  -1.6720749e-03
  -1.6365706e-04
   1.5893527e-04
  -1.7916326e-03
  -3.3711522e-03
  -2.2234196e-03
  -2.5834010e-04
   1.4201739e-04
   3.5169407e-04
   1.9943387e-03
   3.1294133e-03
   2.2983768e-03
   2.3473602e-03
   5.5408116e-03
   8.8645589e-03
   8.8742978e-03
   6.9847697e-03
   5.2705593e-03
   1.8692304e-03
  -4.1827539e-03
  -8.5289724e-03
  -7.6177318e-03
  -4.5148429e-03
  -3.1857121e-03
  -2.2273807e-03
   1.4542178e-04
   7.9772788e-04
  -2.3277684e-03
  -4.7681408e-03
  -2.6676406e-03
   4.4250864e-04
   3.9389567e-04
  -3.9651850e-04
   9.5417171e-04
   1.3588677e-03
  -1.3422603e-03
  -2.1011309e-03
   3.0180775e-03
   9.1036068e-03
   1.0524602e-02
   9.5399044e-03
   9.3046469e-03
   6.4685013e-03
  -8.6295015e-04
  -6.0452754e-03
  -3.7657821e-03
   8.4455353e-04
   1.4902294e-03
   5.8193159e-04
   1.2463794e-03
  -9.7724522e-04
  -8.7474636e-03
  -1.4631439e-02
  -1.2338010e-02
  -7.1421578e-03
  -5.4091251e-03
  -3.6122931e-03
   2.2316050e-03
   6.8910287e-03
   6.5323313e-03
   8.1975721e-03
   1.7281756e-02
   2.6126649e-02
   2.6353959e-02
   2.1626953e-02
   1.7123934e-02
   8.5776973e-03
  -6.0008682e-03
  -1.6119922e-02
  -1.3482514e-02
  -5.2823133e-03
  -6.0893664e-04
   3.8013962e-03
   1.1902118e-02
   1.6467318e-02
   1.2793547e-02
   1.0628436e-02
   1.8108490e-02
   2.7089962e-02
   2.8293893e-02
   2.6886183e-02
   2.8981780e-02
   2.7969322e-02
   1.9455002e-02
   1.4369313e-02
   2.1151799e-02
   2.9755597e-02
   2.8904519e-02
   2.3750032e-02
   2.1114823e-02
   1.4392531e-02
  -4.7848629e-05
  -8.7300736e-03
  -1.2421304e-03
   1.1730726e-02
   1.7312097e-02
   1.9950976e-02
   2.5377797e-02
   2.4420117e-02
   1.1626780e-02
   1.2391366e-03
   5.1629720e-03
   1.3080537e-02
   1.2930345e-02
   1.1786911e-02
   1.7587377e-02
   2.0875088e-02
   1.5018754e-02
   1.3797711e-02
   2.7648941e-02
   4.2567572e-02
   4.3306769e-02
   3.6820384e-02
   3.2550142e-02
   2.2399221e-02
   2.3835684e-03
  -8.9452458e-03
   2.6686232e-03
   2.3434318e-02
   3.6415059e-02
   4.7053173e-02
   6.2083739e-02
   6.8518045e-02
   5.8189276e-02
   4.8656279e-02
   5.4583658e-02
   6.2115978e-02
   5.5685199e-02
   4.5037587e-02
   4.1403816e-02
   3.3820457e-02
   1.5140718e-02
   4.4203708e-03
   1.6036366e-02
   3.2491225e-02
   3.4242767e-02
   2.9692304e-02
   2.9885358e-02
   2.3085960e-02
   2.7264769e-03
  -8.9319413e-03
   5.1381727e-03
   2.6787824e-02
   3.4607049e-02
   3.6307519e-02
   4.1785625e-02
   3.6371551e-02
   1.1723833e-02
  -8.1193106e-03
  -3.2534483e-03
   9.6382505e-03
   1.1038666e-02
   1.2505284e-02
   2.6678757e-02
   3.7784149e-02
   3.4601074e-02
   3.8738404e-02
   6.6199758e-02
   9.3747975e-02
   9.6479654e-02
   8.5254902e-02
   7.4997523e-02
   5.2912776e-02
   1.3069950e-02
  -1.4599456e-02
  -7.0153313e-03
   1.4721697e-02
   2.4801377e-02
   3.2635381e-02
   4.9457770e-02
   5.5466742e-02
   3.8285611e-02
   2.5314523e-02
   3.8968630e-02
   5.7119374e-02
   5.4967029e-02
   4.6771436e-02
   4.8914149e-02
   4.3635237e-02
   1.9293849e-02
   4.6129814e-03
   2.1238375e-02
   4.2422482e-02
   3.8829930e-02
   2.4041208e-02
   1.5782982e-02
  -2.6330855e-03
  -3.9913689e-02
  -6.1314689e-02
  -4.0362816e-02
  -3.8358778e-03
   1.6458824e-02
   3.2130328e-02
   5.7577622e-02
   7.0091302e-02
   5.6212567e-02
   5.0458568e-02
   8.0848277e-02
   1.2099379e-01
   1.4058819e-01
   1.5562273e-01
   1.8388918e-01
   2.0160681e-01
   1.9224409e-01
   1.8795574e-01
   2.1285148e-01
   2.3377935e-01
   2.1556237e-01
   1.7550486e-01
   1.3671479e-01
   8.1731462e-02
   2.9597233e-03
  -5.5414114e-02
  -5.9685587e-02
  -4.0536987e-02
  -3.5551497e-02
  -3.1528273e-02
  -1.2856257e-02
  -8.6896338e-03
  -3.7315921e-02
  -5.9754300e-02
  -4.4184673e-02
  -2.2435309e-02
  -2.9741322e-02
  -4.5223141e-02
  -4.4931963e-02
  -5.3538955e-02
  -8.6909817e-02
  -1.0366984e-01
  -7.2900563e-02
  -3.2629929e-02
  -2.4695808e-02
  -3.0496296e-02
  -2.6017464e-02
  -3.6116272e-02
  -7.4486479e-02
  -9.3771188e-02
  -5.8372807e-02
  -7.2811814e-03
   1.4015036e-02
   2.1419249e-02
   3.5199794e-02
   2.4338372e-02
  -2.8588492e-02
  -7.3653482e-02
  -6.9807785e-02
  -5.1507552e-02
  -5.8427026e-02
  -6.6034895e-02
  -4.7720351e-02
  -3.4928105e-02
  -4.9538713e-02
  -4.6835529e-02
   5.9314518e-03
   6.1892542e-02
   7.1026267e-02
   5.5179194e-02
   4.3798986e-02
   1.0513850e-02
  -5.7323543e-02
  -1.0119205e-01
  -7.6708025e-02
  -2.7036459e-02
  -3.9910520e-03
   1.0601842e-02
   3.8658961e-02
   4.1577546e-02
  -4.0274957e-03
  -4.3583126e-02
  -3.2450856e-02
  -1.2538896e-02
  -3.0494095e-02
  -5.7303997e-02
  -6.0345428e-02
  -7.3142473e-02
  -1.1758966e-01
  -1.3868094e-01
  -9.5835389e-02
  -4.1321684e-02
  -3.2206106e-02
  -4.3989840e-02
  -4.4659122e-02
  -6.7374552e-02
  -1.2982524e-01
  -1.6763136e-01
  -1.3206296e-01
  -7.3955617e-02
  -5.2618564e-02
  -4.5494415e-02
  -2.4588411e-02
  -3.0648851e-02
  -8.6732284e-02
  -1.2693554e-01
  -9.7902975e-02
  -4.7034352e-02
  -2.8839536e-02
  -1.2862693e-02
   3.3993909e-02
   6.8192913e-02
   5.9341449e-02
   6.5538179e-02
   1.2956579e-01
   1.8989801e-01
   1.8174902e-01
   1.3567158e-01
   9.2596920e-02
   2.0338397e-02
  -9.5092204e-02
  -1.7446968e-01
  -1.5768573e-01
  -9.9962960e-02
  -6.8352824e-02
  -3.8989454e-02
   1.6034262e-02
   4.4840050e-02
   1.4961908e-02
  -4.7793921e-03
   4.1112568e-02
   9.5400917e-02
   9.5141626e-02
   7.6384199e-02
   8.0419675e-02
   6.3343378e-02
  -2.7619106e-03
  -4.5352655e-02
  -1.0149600e-02
   3.7271648e-02
   2.5537544e-02
  -1.1146877e-02
  -3.0101093e-03
  -6.9483005e-02
  -1.5312565e-01
  -1.9735846e-01
  -1.4175788e-01
  -5.2961248e-02
  -7.3015903e-03
   2.1795120e-02
   6.6820695e-02
   7.5173791e-02
   1.7264802e-02
  -2.7368263e-02
   4.5320353e-03
   5.4540582e-02
   5.7743399e-02
   5.2261091e-02
   7.9091101e-02
   8.8703513e-02
   4.8203395e-02
   2.8253823e-02
   8.0057418e-02
   1.3332781e-01
   1.1496069e-01
   6.1206468e-02
   1.8595626e-02
  -5.0292933e-02
  -1.6226022e-01
  -2.3030856e-01
  -1.9063750e-01
  -1.0788462e-01
  -5.8082286e-02
  -1.6099207e-02
   4.7611373e-02
   7.6489588e-02
   3.6632812e-02
   3.6353181e-03
   3.7852126e-02
   7.9507899e-02
   6.4155486e-02
   3.2171510e-02
   2.8277324e-02
   7.5659907e-03
  -5.8065786e-02
  -9.3773658e-02
  -4.5488945e-02
   1.7535648e-02
   2.1154037e-02
  -1.4240820e-03
  -8.3149120e-03
  -4.2534964e-02
  -1.2660188e-01
  -1.7848007e-01
  -1.3778470e-01
  -7.0436448e-02
  -5.1331629e-02
  -5.1846769e-02
  -3.6998462e-02
  -5.6672765e-02
  -1.3776659e-01
  -1.9832280e-01
  -1.7317034e-01
  -1.1951668e-01
  -1.0188463e-01
  -8.2646334e-02
  -2.2158917e-02
   2.7931580e-02
   3.2022696e-02
   5.7703394e-02
   1.5299487e-01
   2.4459216e-01
   2.5679162e-01
   2.2388281e-01
   1.9123623e-01
   1.2116238e-01
  -2.5052526e-03
  -9.1300078e-02
  -7.9259749e-02
  -2.8367586e-02
  -1.1750033e-02
  -1.3764557e-03
   3.4940969e-02
   4.2802990e-02
  -1.0185493e-02
  -4.7683902e-02
  -9.3871207e-03
   4.4123086e-02
   4.6945357e-02
   3.7519946e-02
   5.8354807e-02
   6.2276272e-02
   1.9080963e-02
   1.8745358e-03
   6.3499267e-02
   1.3408153e-01
   1.3948741e-01
   1.1353274e-01
   9.9201347e-02
   5.4921201e-02
  -4.0218308e-02
  -1.0260673e-01
  -7.0503014e-02
  -8.8486831e-03
   7.9486240e-03
   8.4541250e-03
   2.7052702e-02
   1.2788637e-02
  -6.2651290e-02
  -1.1890614e-01
  -9.2389365e-02
  -4.1685453e-02
  -3.2307509e-02
  -2.7088344e-02
   1.3774219e-02
   3.9440410e-02
   1.5719788e-02
   1.2111989e-02
   7.8883510e-02
   1.4510332e-01
   1.3734186e-01
   9.1834195e-02
   5.5361370e-02
  -9.0534516e-03
  -1.1766431e-01
  -1.8292248e-01
  -1.4056668e-01
  -5.4942793e-02
  -2.0144544e-03
   4.3173061e-02
   1.0975703e-01
   1.4058136e-01
   1.0103588e-01
   6.5992500e-02
   9.5176177e-02
   1.2837929e-01
   1.0101184e-01
   5.3663492e-02
   3.1656917e-02
  -8.9327407e-03
  -9.4895014e-02
  -1.4982832e-01
  -1.1798406e-01
  -6.6955421e-02
  -6.9402172e-02
  -9.0949533e-02
  -8.8998894e-02
  -1.0639916e-01
  -1.6610197e-01
  -1.8711227e-01
  -1.1064552e-01
  -4.6860649e-03
   5.3481736e-02
   8.9939667e-02
   1.3716427e-01
   1.4298782e-01
   7.8632876e-02
   2.4723696e-02
   4.5750321e-02
   8.4529038e-02
   7.7262621e-02
   6.2947898e-02
   8.3131189e-02
   8.8454834e-02
   4.5812407e-02
   2.5307070e-02
   7.7306887e-02
   1.3052065e-01
   1.1079293e-01
   5.3407304e-02
   4.1353430e-03
  -7.4891329e-02
  -2.0053666e-01
  -2.8544768e-01
  -2.6505938e-01
  -2.0288722e-01
  -1.7357363e-01
  -1.5044917e-01
  -1.0241878e-01
  -8.4626983e-02
  -1.2982852e-01
  -1.6166123e-01
  -1.1946188e-01
  -6.3195937e-02
  -5.7992901e-02
  -6.4599874e-02
  -3.9769811e-02
  -3.0112175e-02
  -6.5518607e-02
  -7.2869894e-02
   3.8233641e-04
   8.3790861e-02
   1.0242991e-01
   8.9193431e-02
   8.6118306e-02
   5.0770938e-02
  -3.8432169e-02
  -9.8279907e-02
  -6.7100319e-02
  -9.5519905e-03
   5.7626605e-04
  -7.2488438e-03
   2.4562853e-03
  -2.0077415e-02
  -1.0201080e-01
  -1.6198739e-01
  -1.3569204e-01
  -8.1333306e-02
  -6.4453005e-02
  -4.8329009e-02
   6.0102183e-03
   4.6580096e-02
   3.7837178e-02
   4.7850779e-02
   1.2552312e-01
   1.9876685e-01
   1.9333043e-01
   1.4505910e-01
   1.0083507e-01
   2.4286692e-02
  -9.9766434e-02
  -1.8231547e-01
  -1.5737465e-01
  -8.7452601e-02
  -4.6730686e-02
  -8.6955401e-03
   5.6971248e-02
   9.3792614e-02
   6.7251965e-02
   5.1695821e-02
   1.0572491e-01
   1.6748160e-01
   1.7032036e-01
   1.5252727e-01
   1.5705471e-01
   1.3773046e-01
   6.5822158e-02
   1.6250992e-02
   4.3868439e-02
   8.0840922e-02
   5.4945499e-02
   1.6371357e-03
  -3.4846375e-02
  -9.5282591e-02
  -2.0027721e-01
  -2.6638893e-01
  -2.3246212e-01
  -1.6434719e-01
  -1.3756666e-01
  -1.2474677e-01
  -9.2642530e-02
  -9.3184381e-02
  -1.5540691e-01
  -1.9936292e-01
  -1.6155629e-01
  -1.0036182e-01
  -8.0841661e-02
  -6.5223366e-02
  -1.3050229e-02
   2.5430814e-02
   1.6456168e-02
   2.9700674e-02
   1.1529735e-01
   2.0185154e-01
   2.1515732e-01
   1.9041595e-01
   1.7320561e-01
   1.2529038e-01
   2.9227079e-02
  -2.8428385e-02
   1.5902289e-02
   9.7588429e-02
   1.4083294e-01
   1.7121971e-01
   2.1894459e-01
   2.2826346e-01
   1.6621864e-01
   1.0943518e-01
   1.1933739e-01
   1.3720876e-01
   9.9602093e-02
   4.7789581e-02
   2.7243304e-02
  -6.3712435e-03
  -8.0788064e-02
  -1.2101170e-01
  -7.3045032e-02
  -6.4287332e-03
   4.2035075e-03
  -8.5994371e-03
  -3.7529844e-03
  -2.5169728e-02
  -9.6314050e-02
  -1.3609915e-01
  -8.5042365e-02
  -9.8736449e-03
   1.3835964e-02
   1.4204634e-02
   2.5906364e-02
  -1.0417860e-03
  -9.3415088e-02
  -1.6892127e-01
  -1.6185635e-01
  -1.2872301e-01
  -1.3320191e-01
  -1.3672741e-01
  -9.8670048e-02
  -6.9689904e-02
  -8.4453990e-02
  -7.4536016e-02
   8.7813452e-03
   9.2711759e-02
   1.0186498e-01
   7.0621116e-02
   4.4211620e-02
  -1.5416857e-02
  -1.2500347e-01
  -1.9683656e-01
  -1.6585507e-01
  -9.5046439e-02
  -5.8595075e-02
  -2.9529874e-02
   2.3328686e-02
   4.4675134e-02
   1.3565710e-03
  -3.0856281e-02
   7.9904810e-03
   5.7202822e-02
   5.1014860e-02
   2.8246870e-02
   3.2016172e-02
   1.5961290e-02
  -4.9142825e-02
  -8.9091198e-02
  -4.9872740e-02
  -1.7818616e-04
  -1.3001188e-02
  -5.3483504e-02
  -7.7747948e-02
  -1.2666675e-01
  -2.2068007e-01
  -2.7596165e-01
  -2.3082258e-01
  -1.5052545e-01
  -1.1005605e-01
  -8.1660444e-02
  -3.1963113e-02
  -1.3082667e-02
  -5.4596759e-02
  -7.7453432e-02
  -1.9360377e-02
   5.9877313e-02
   9.3655132e-02
   1.1822783e-01
   1.7270558e-01
   2.0580838e-01
   1.8317689e-01
   1.7442016e-01
   2.3018646e-01
   2.8018011e-01
   2.5183008e-01
   1.8241221e-01
   1.1988127e-01
   2.8511693e-02
  -1.0668063e-01
  -1.9691800e-01
  -1.7680856e-01
  -1.0971866e-01
  -7.0828787e-02
  -3.4633300e-02
   2.8298976e-02
   6.0836376e-02
   2.8124007e-02
   4.5330924e-03
   4.9057187e-02
   1.0056279e-01
   9.3384925e-02
   6.6941551e-02
   6.5343825e-02
   4.3474289e-02
  -2.6572537e-02
  -6.9380310e-02
  -3.0007107e-02
   2.3365071e-02
   1.7734630e-02
  -1.2601098e-02
  -2.4851563e-02
  -6.1411945e-02
  -1.4453817e-01
  -1.9232860e-01
  -1.4492201e-01
  -6.9104589e-02
  -4.0895243e-02
  -3.2936533e-02
  -1.1523501e-02
  -2.7697822e-02
  -1.0926343e-01
  -1.7481826e-01
  -1.5932415e-01
  -1.1966983e-01
  -1.1962263e-01
  -1.2042083e-01
  -8.1006327e-02
  -5.1454995e-02
  -6.5788397e-02
  -5.4973965e-02
   3.0178147e-02
   1.1714283e-01
   1.3052866e-01
   1.0443404e-01
   8.3545820e-02
   2.9055692e-02
  -7.6658357e-02
  -1.4679132e-01
  -1.1709772e-01
  -5.1176297e-02
  -2.3519339e-02
  -7.0869992e-03
   2.9784020e-02
   3.2684510e-02
  -3.0275017e-02
  -8.1779093e-02
  -6.0167526e-02
  -2.4410166e-02
  -3.8685519e-02
  -6.2874169e-02
  -5.2981579e-02
  -5.5016665e-02
  -9.8437675e-02
  -1.0987103e-01
  -3.6696323e-02
   5.0534004e-02
   7.6624529e-02
   7.4054746e-02
   8.4327552e-02
   6.4385106e-02
  -8.0387564e-03
  -5.0441385e-02
  -1.8532306e-03
   7.2400281e-02
   9.7924954e-02
   1.0366473e-01
   1.2467877e-01
   1.1088166e-01
   3.4908054e-02
  -2.1980258e-02
   4.5397386e-03
   5.6358162e-02
   6.8107552e-02
   7.6742631e-02
   1.2150732e-01
   1.5071091e-01
   1.2910842e-01
   1.2505756e-01
   1.8772747e-01
   2.4526854e-01
   2.2363399e-01
   1.5884122e-01
   9.7916012e-02
   4.6089124e-03
  -1.3614991e-01
  -2.3524152e-01
  -2.2655885e-01
  -1.7246695e-01
  -1.4697201e-01
  -1.2334715e-01
  -7.1018866e-02
  -4.6168381e-02
  -8.2980874e-02
  -1.0675248e-01
  -5.8513005e-02
   2.4409637e-04
   3.2118932e-03
  -1.1032455e-02
   6.8444416e-04
  -7.6803338e-03
  -6.4841079e-02
  -9.5985661e-02
  -4.6509970e-02
   1.5361390e-02
   1.6871978e-02
  -7.1910089e-03
  -1.3376504e-02
  -4.3345615e-02
  -1.1865610e-01
  -1.5685373e-01
  -9.7767662e-02
  -8.1912171e-03
   3.5492116e-02
   5.9915773e-02
   9.7740374e-02
   9.6637430e-02
   2.7384133e-02
  -3.0035240e-02
  -1.1855804e-02
   2.4044635e-02
   1.3315856e-02
  -5.3658033e-03
   9.5203829e-03
   8.9120790e-03
  -3.9694755e-02
  -6.5340582e-02
  -1.6634389e-02
   3.6208930e-02
   2.0036017e-02
  -2.9070474e-02
  -6.4859254e-02
  -1.2512963e-01
  -2.2714286e-01
  -2.8442263e-01
  -2.3372717e-01
  -1.4026436e-01
  -8.0622097e-02
  -3.0183983e-02
   4.0146711e-02
   7.3446321e-02
   3.5552242e-02
   1.9155433e-03
   3.2872546e-02
   6.8755834e-02
   4.5349191e-02
   3.3740016e-03
  -1.2004160e-02
  -4.5167452e-02
  -1.2363644e-01
  -1.7195137e-01
  -1.3542234e-01
  -8.2702136e-02
  -8.7384608e-02
  -1.1577974e-01
  -1.2561647e-01
  -1.5963429e-01
  -2.4019630e-01
  -2.8524197e-01
  -2.3449257e-01
  -1.5410177e-01
  -1.1931632e-01
  -1.0196622e-01
  -6.7606004e-02
  -6.6722206e-02
  -1.2685050e-01
  -1.6668533e-01
  -1.2169438e-01
  -4.9686508e-02
  -1.5726027e-02
   1.7352861e-02
   8.8826077e-02
   1.4678714e-01
   1.5548624e-01
   1.8247980e-01
   2.7586819e-01
   3.6252965e-01
   3.6703618e-01
   3.2403042e-01
   2.7929577e-01
   1.9559642e-01
   5.7240358e-02
  -4.6830053e-02
  -5.0193886e-02
  -1.4409553e-02
  -1.2226111e-02
  -1.5293730e-02
   8.8292335e-03
   5.9284432e-03
  -5.6275120e-02
  -1.0139018e-01
  -6.9119927e-02
  -2.0104547e-02
  -2.0343376e-02
  -3.1521991e-02
  -1.1274169e-02
  -6.9196578e-03
  -4.8801848e-02
  -6.3940311e-02
   4.0333134e-04
   7.4276918e-02
   8.3494731e-02
   6.1846290e-02
   5.2310789e-02
   1.3327416e-02
  -7.5994998e-02
  -1.3202701e-01
  -9.3018151e-02
  -2.3919105e-02
   8.2675176e-04
   9.7157387e-03
   3.7026184e-02
   3.1656135e-02
  -3.4892809e-02
  -8.2480213e-02
  -4.7768923e-02
   1.0387374e-02
   2.6197822e-02
   3.6556282e-02
   8.1010026e-02
   1.0849709e-01
   8.4651363e-02
   7.8855827e-02
   1.4132984e-01
   2.0117249e-01
   1.8506607e-01
   1.2944005e-01
   8.1349298e-02
   4.1631605e-03
  -1.1796469e-01
  -1.9703056e-01
  -1.6828808e-01
  -9.5587161e-02
  -5.4405239e-02
  -1.9332090e-02
   3.9173983e-02
   6.4291475e-02
   2.1658682e-02
  -1.3702993e-02
   1.7973042e-02
   5.6408709e-02
   3.6832061e-02
  -4.5505679e-04
  -1.0513261e-02
  -3.7731245e-02
  -1.0942418e-01
  -1.4975607e-01
  -1.0355988e-01
  -3.9001280e-02
  -2.9278406e-02
  -4.0496902e-02
  -3.0459103e-02
  -4.2317130e-02
  -9.9214006e-02
  -1.2022507e-01
  -4.6511218e-02
   5.4121011e-02
   1.0468113e-01
   1.3164840e-01
   1.6798324e-01
   1.6206701e-01
   8.5712387e-02
   2.0148458e-02
   3.0457835e-02
   6.0010468e-02
   4.5498875e-02
   2.6323433e-02
   4.4329294e-02
   5.0338988e-02
   1.1298942e-02
  -2.7652501e-03
   5.8309181e-02
   1.2290633e-01
   1.1644025e-01
   7.3676390e-02
   3.9802684e-02
  -2.3673593e-02
  -1.3425485e-01
  -2.0521362e-01
  -1.7257107e-01
  -1.0036497e-01
  -6.3674643e-02
  -3.6164407e-02
   1.3043328e-02
   2.8710752e-02
  -2.1883378e-02
  -6.2219585e-02
  -3.1361626e-02
   1.1100689e-02
   4.9910684e-04
  -2.3387113e-02
  -1.6742187e-02
  -2.5588483e-02
  -7.9236373e-02
  -1.0401444e-01
  -4.6872490e-02
   2.2175301e-02
   2.8552591e-02
   5.4085014e-03
  -5.0652084e-03
  -4.5248999e-02
  -1.3677177e-01
  -1.9655892e-01
  -1.6315483e-01
  -1.0149994e-01
  -8.5713794e-02
  -8.6691248e-02
  -6.9322534e-02
  -8.3744762e-02
  -1.5746426e-01
  -2.0943279e-01
  -1.7559430e-01
  -1.1435861e-01
  -9.1405816e-02
  -7.0087619e-02
  -1.1443922e-02
   3.2586261e-02
   2.6553825e-02
   3.8660673e-02
   1.1796774e-01
   1.9255957e-01
   1.8835661e-01
   1.4136384e-01
   9.8600026e-02
   2.3797887e-02
  -9.8157275e-02
  -1.7823330e-01
  -1.5046422e-01
  -7.7419334e-02
  -3.3376655e-02
   8.0519718e-03
   7.7040445e-02
   1.1695850e-01
   9.3138878e-02
   7.9791200e-02
   1.3540341e-01
   1.9803824e-01
   2.0101054e-01
   1.8261127e-01
   1.8584384e-01
   1.6463183e-01
   9.0379125e-02
   3.8176517e-02
   6.3068879e-02
   9.7428371e-02
   6.9237345e-02
   1.4142258e-02
  -2.3454585e-02
  -8.4205419e-02
  -1.8864031e-01
  -2.5330013e-01
  -2.1707436e-01
  -1.4592328e-01
  -1.1554219e-01
  -9.8787498e-02
  -6.2692766e-02
  -5.9503084e-02
  -1.1858889e-01
  -1.6034313e-01
  -1.2159588e-01
  -6.1015844e-02
  -4.3908898e-02
  -3.2679890e-02
   1.3030834e-02
   4.2970075e-02
   2.3465419e-02
   2.4382586e-02
   9.6142746e-02
   1.6772953e-01
   1.6539366e-01
   1.2485561e-01
   9.2255745e-02
   2.9941213e-02
  -7.8951403e-02
  -1.4731448e-01
  -1.1107056e-01
  -3.4426724e-02
   7.1475372e-03
   3.9450824e-02
   9.2768311e-02
   1.1131237e-01
   6.1947017e-02
   2.0987931e-02
   4.9428349e-02
   8.8013625e-02
   7.2670770e-02
   4.3981900e-02
   4.6691103e-02
   3.5726212e-02
  -1.7365183e-02
  -3.8258413e-02
   2.6447015e-02
   1.0671160e-01
   1.2752021e-01
   1.2117249e-01
   1.2864529e-01
   1.0606322e-01
   3.0141458e-02
  -1.7719748e-02
   2.2395634e-02
   8.4292076e-02
   9.3011185e-02
   7.7336130e-02
   7.2630526e-02
   2.9597292e-02
  -7.7884522e-02
  -1.6692586e-01
  -1.7130661e-01
  -1.4711320e-01
  -1.5772462e-01
  -1.6439753e-01
  -1.2645273e-01
  -9.4626931e-02
  -1.0378317e-01
  -8.5798667e-02
   7.6491091e-03
   1.0330740e-01
   1.2527008e-01
   1.0737552e-01
   9.4311530e-02
   4.7502353e-02
  -5.0270915e-02
  -1.1171503e-01
  -7.2110819e-02
   5.3000551e-03
   4.6173379e-02
   7.7416932e-02
   1.3024103e-01
   1.4945845e-01
   1.0211163e-01
   6.4230226e-02
   9.6074845e-02
   1.3728867e-01
   1.2245573e-01
   9.0741506e-02
   8.5587574e-02
   6.0921584e-02
  -1.2239088e-02
  -5.9502180e-02
  -2.6729469e-02
   1.7453809e-02
   5.9844511e-05
  -4.4101756e-02
  -7.1248990e-02
  -1.2238566e-01
  -2.1810825e-01
  -2.7475901e-01
  -2.3081737e-01
  -1.5170210e-01
  -1.1253271e-01
  -8.5658043e-02
  -3.7768374e-02
  -2.1007885e-02
  -6.4939179e-02
  -9.0457101e-02
  -3.5183131e-02
   4.1189437e-02
   7.2184245e-02
   9.4190087e-02
   1.4644613e-01
   1.7778549e-01
   1.5393617e-01
   1.4456041e-01
   2.0031921e-01
   2.5088554e-01
   2.2361202e-01
   1.5565533e-01
   9.4813462e-02
   5.1743855e-03
  -1.2845185e-01
  -2.1750051e-01
  -1.9678641e-01
  -1.2986232e-01
  -9.2061266e-02
  -5.7983728e-02
   1.7524668e-03
   3.0031897e-02
  -7.9138249e-03
  -3.7555228e-02
   3.2891581e-04
   4.4896045e-02
   3.0825510e-02
  -2.0801846e-03
  -9.3012127e-03
  -3.5540388e-02
  -1.0830206e-01
  -1.5180216e-01
  -1.1078375e-01
  -5.3184286e-02
  -5.1846610e-02
  -7.2412471e-02
  -7.2136275e-02
  -9.3567617e-02
  -1.5922507e-01
  -1.8757177e-01
  -1.1920253e-01
  -2.1435642e-02
   2.9120858e-02
   5.9200242e-02
   1.0187236e-01
   1.0547460e-01
   4.1621268e-02
  -8.8043334e-03
   1.8801667e-02
   6.7218876e-02
   7.2464968e-02
   7.3212452e-02
   1.1055986e-01
   1.3459969e-01
   1.1159946e-01
   1.1098912e-01
   1.8244704e-01
   2.5400670e-01
   2.5088116e-01
   2.0779312e-01
   1.7004670e-01
   9.9417289e-02
  -2.1191788e-02
  -1.0453072e-01
  -8.6008135e-02
  -2.8989608e-02
  -7.8556880e-03
   4.4207432e-03
   3.9368361e-02
   4.2329614e-02
  -1.8933724e-02
  -6.7537442e-02
  -4.2313537e-02
  -2.7606822e-03
  -1.3596952e-02
  -3.5226956e-02
  -2.4139153e-02
  -2.6760901e-02
  -7.2883840e-02
  -8.9366172e-02
  -2.3705783e-02
   5.3546763e-02
   6.7319345e-02
   5.0331939e-02
   4.4435624e-02
   7.0142019e-03
  -8.3681724e-02
  -1.4457916e-01
  -1.1410841e-01
  -5.6989853e-02
  -4.7032674e-02
  -5.4751735e-02
  -4.4612188e-02
  -6.6307872e-02
  -1.4691144e-01
  -2.0497766e-01
  -1.7611489e-01
  -1.1847991e-01
  -9.7598469e-02
  -7.6776881e-02
  -1.7122406e-02
   2.9248854e-02
   2.6610658e-02
   4.2803596e-02
   1.2646436e-01
   2.0521575e-01
   2.0450729e-01
   1.5989338e-01
   1.1799172e-01
   4.2210511e-02
  -8.2789405e-02
  -1.6808191e-01
  -1.4767645e-01
  -8.3981951e-02
  -5.0982614e-02
  -2.1872942e-02
   3.4044671e-02
   6.0746377e-02
   2.4225010e-02
  -6.2912678e-04
   4.5337880e-02
   1.0080410e-01
   9.9614650e-02
   8.0474452e-02
   8.6658252e-02
   7.2198622e-02
   8.4339700e-03
  -2.9788424e-02
   1.2160128e-02
   6.6077180e-02
   5.9234712e-02
   2.6463145e-02
   1.1279305e-02
  -2.7883315e-02
  -1.1245470e-01
  -1.5981778e-01
  -1.0960449e-01
  -2.8380188e-02
   7.7240527e-03
   2.5609640e-02
   5.8209685e-02
   5.3460029e-02
  -1.7619639e-02
  -7.4838319e-02
  -5.4273587e-02
  -1.3707007e-02
  -1.7463923e-02
  -2.6921827e-02
  -6.9660628e-04
   1.1929598e-02
  -2.1846764e-02
  -3.1437966e-02
   3.4114058e-02
   1.0411486e-01
   1.0490232e-01
   7.2040580e-02
   5.1273441e-02
   4.3262251e-03
  -8.6485109e-02
  -1.3503567e-01
  -7.8347412e-02
   1.8208574e-02
   7.7990543e-02
   1.2567459e-01
   1.9052999e-01
   2.1591277e-01
   1.6803660e-01
   1.2281047e-01
   1.4109132e-01
   1.6377314e-01
   1.2721784e-01
   7.2716470e-02
   4.5970739e-02
   3.0771902e-03
  -8.3085046e-02
  -1.3675380e-01
  -1.0304809e-01
  -5.0550232e-02
  -5.2907976e-02
  -7.6607937e-02
  -7.9671157e-02
  -1.0523211e-01
  -1.7613458e-01
  -2.1086312e-01
  -1.4972415e-01
  -5.9470314e-02
  -1.5934012e-02
   8.5090538e-03
   4.7823667e-02
   5.1129895e-02
  -9.3955324e-03
  -5.2614962e-02
  -1.4035675e-02
   4.8625189e-02
   7.0523542e-02
   8.9165446e-02
   1.4427338e-01
   1.8447530e-01
   1.7462148e-01
   1.8290898e-01
   2.5809259e-01
   3.2769145e-01
   3.1687829e-01
   2.6083164e-01
   2.0578416e-01
   1.1484468e-01
  -2.7451976e-02
  -1.3206257e-01
  -1.3259390e-01
  -9.0757868e-02
  -7.9574611e-02
  -7.1070029e-02
  -3.3265658e-02
  -2.0905948e-02
  -6.6844071e-02
  -9.5282757e-02
  -4.6514628e-02
   1.8258723e-02
   3.2526206e-02
   3.4158862e-02
   6.5163058e-02
   7.7953689e-02
   4.2022939e-02
   3.0289500e-02
   9.5529859e-02
   1.6792267e-01
   1.7349481e-01
   1.4631606e-01
   1.2969715e-01
   8.2442182e-02
  -1.5960162e-02
  -8.1503660e-02
  -5.2080954e-02
   7.6795614e-03
   2.3610086e-02
   2.4426913e-02
   4.4567304e-02
   3.3025348e-02
  -3.8662553e-02
  -9.0377500e-02
  -5.8852508e-02
  -3.0501065e-03
   1.1102847e-02
   2.0349414e-02
   6.4083683e-02
   9.1099862e-02
   6.6907719e-02
   6.0794246e-02
   1.2291688e-01
   1.8235012e-01
   1.6578929e-01
   1.0971202e-01
   6.1251261e-02
  -1.6123125e-02
  -1.3814384e-01
  -2.1669097e-01
  -1.8691034e-01
  -1.1256342e-01
  -6.9068410e-02
  -3.0993574e-02
   3.1180358e-02
   6.0561821e-02
   2.2670664e-02
  -7.6362368e-03
   2.9202450e-02
   7.2670854e-02
   5.7737363e-02
   2.4434914e-02
   1.7438666e-02
  -7.8851059e-03
  -7.9063123e-02
  -1.2042420e-01
  -1.0446662e-04
  -1.6702607e-02
  -1.2996546e-02
  -3.1718984e-02
  -3.0589569e-02
  -5.2354160e-02
  -1.1963886e-01
  -1.5158455e-01
  -8.9530711e-02
  -5.5404013e-04
   3.9438126e-02
   5.7164365e-02
   8.5601811e-02
   7.4044320e-02
  -4.9771003e-03
  -7.1105582e-02
  -6.0286359e-02
  -2.8491348e-02
  -3.8124595e-02
  -5.0641610e-02
  -2.5332906e-02
  -1.0861711e-02
  -3.9970499e-02
  -4.4545632e-02
   2.3855270e-02
   9.4703456e-02
   9.4894291e-02
   5.8134812e-02
   2.8214752e-02
  -3.2462829e-02
  -1.4086528e-01
  -2.1270689e-01
  -1.8596008e-01
  -1.2262741e-01
  -9.5040646e-02
  -7.7203778e-02
  -3.8772481e-02
  -3.2487853e-02
  -8.9176010e-02
  -1.3444915e-01
  -1.0922121e-01
  -7.0418629e-02
  -7.9693161e-02
  -9.8466444e-02
  -8.4565690e-02
  -8.2030308e-02
  -1.1889447e-01
  -1.2492738e-01
  -4.9971094e-02
   3.8585670e-02
   6.9172910e-02
   7.2828556e-02
   8.8992498e-02
   7.6670632e-02
   1.4691185e-02
  -1.8870789e-02
   3.3345691e-02
   1.0909793e-01
   1.3781750e-01
   1.4668446e-01
   1.6855509e-01
   1.5604880e-01
   8.3391727e-02
   2.7026226e-02
   4.7273355e-02
   8.9512515e-02
   9.2629482e-02
   9.1580508e-02
   1.2340205e-01
   1.4013221e-01
   1.0939262e-01
   9.5521659e-02
   1.4474591e-01
   1.9052849e-01
   1.6451448e-01
   1.0072887e-01
   4.3185307e-02
  -4.1532511e-02
  -1.6722459e-01
  -2.5142848e-01
  -2.3339590e-01
  -1.7130067e-01
  -1.3393668e-01
  -9.7156741e-02
  -3.3451764e-02
   4.7831546e-03
  -1.4468072e-02
  -2.3202827e-02
   3.1932477e-02
   9.3866436e-02
   1.0145183e-01
   8.9741211e-02
   9.7991118e-02
   8.4110601e-02
   2.2130702e-02
  -1.9429573e-02
   9.4660303e-03
   4.7240129e-02
   2.8569781e-02
  -1.4031144e-02
  -4.0271808e-02
  -8.6996262e-02
  -1.7275016e-01
  -2.2215151e-01
  -1.8030868e-01
  -1.0707908e-01
  -7.0870794e-02
  -4.7354450e-02
  -7.0725535e-03
   2.8407326e-03
  -4.4037805e-02
  -7.6387022e-02
  -3.7843081e-02
   1.8857388e-02
   3.5306639e-02
   4.5186365e-02
   8.4560562e-02
   1.0871636e-01
   8.7911703e-02
   8.4569039e-02
   1.4362826e-01
   2.0216444e-01
   1.9508326e-01
   1.5443342e-01
   1.2132727e-01
   6.2657301e-02
  -3.6252195e-02
  -9.8409246e-02
  -6.7471072e-02
  -2.5636097e-04
   3.6679474e-02
   6.5914594e-02
   1.1382373e-01
   1.3120359e-01
   8.8851569e-02
   5.3402408e-02
   7.7842760e-02
   1.1000248e-01
   9.3753084e-02
   6.4415586e-02
   6.0858015e-02
   4.3776327e-02
  -1.1460615e-02
  -4.0117776e-02
   4.2273047e-03
   6.0988078e-02
   6.5581424e-02
   4.6488946e-02
   3.9611454e-02
   7.5353369e-03
  -6.9259915e-02
  -1.2011495e-01
  -9.3167801e-02
  -4.5174573e-02
  -4.0265044e-02
  -5.3449881e-02
  -5.4303457e-02
  -8.5079767e-02
  -1.6816146e-01
  -2.3284598e-01
  -2.2303304e-01
  -1.8718536e-01
  -1.7985546e-01
  -1.6855666e-01
  -1.1931640e-01
  -7.5917649e-02
  -6.8489951e-02
  -3.9740577e-02
   5.0696913e-02
   1.4029914e-01
   1.6464541e-01
   1.5230074e-01
   1.4098076e-01
   9.8237075e-02
   9.8370100e-03
  -5.0430445e-02
  -2.7929509e-02
   2.4484927e-02
   4.4923786e-02
   5.6562697e-02
   8.6102427e-02
   8.7934955e-02
   3.5162737e-02
  -8.1599104e-03
   8.5618313e-03
   3.5244968e-02
   1.7703619e-02
  -1.1260583e-02
  -1.5531499e-02
  -3.3449039e-02
  -8.9143236e-02
  -1.2120214e-01
  -8.5270695e-02
  -3.8598121e-02
  -4.1843074e-02
  -6.6603582e-02
  -7.7201309e-02
  -1.0781394e-01
  -1.7567798e-01
  -2.1233137e-01
  -1.6767245e-01
  -9.5718232e-02
  -5.8133795e-02
  -3.2235785e-02
   9.2666795e-03
   2.3896391e-02
  -1.2187741e-02
  -3.4188652e-02
   8.8602920e-03
   6.8528923e-02
   9.1075899e-02
   1.0640119e-01
   1.4657269e-01
   1.7030919e-01
   1.5011192e-01
   1.4251152e-01
   1.8842313e-01
   2.3098750e-01
   2.1164762e-01
   1.6039242e-01
   1.1560529e-01
   4.8254258e-02
  -5.3973927e-02
  -1.2019110e-01
  -9.8511571e-02
  -4.0229973e-02
  -5.8326869e-03
   2.4882880e-02
   7.5249231e-02
   9.9623271e-02
   7.0369318e-02
   4.6913194e-02
   7.6318139e-02
   1.1020300e-01
   9.6849682e-02
   6.8022843e-02
   5.9099687e-02
   3.4784780e-02
  -2.6506610e-02
  -6.4804762e-02
  -3.6578941e-02
   4.5040795e-03
   1.1035121e-03
  -1.9682868e-02
  -2.4304356e-02
  -4.6254058e-02
  -1.0321079e-01
  -1.3134413e-01
  -8.4376023e-02
  -1.5185050e-02
   1.6334646e-02
   3.1122816e-02
   5.5011551e-02
   4.7850626e-02
  -1.2210281e-02
  -6.2038875e-02
  -5.1335344e-02
  -2.4367682e-02
  -3.0431062e-02
  -3.9207319e-02
  -1.8614032e-02
  -6.9467700e-03
  -2.9895065e-02
  -3.3607610e-02
   2.0305257e-02
   7.6495796e-02
   7.7598205e-02
   5.0422998e-02
   2.9701914e-02
  -1.4021624e-02
  -9.4006961e-02
  -1.4378863e-01
  -1.1453192e-01
  -5.5250457e-02
  -2.3196066e-02
   1.7815209e-03
   4.3174632e-02
   5.8921970e-02
   2.4182754e-02
  -2.9887931e-03
   2.3399788e-02
   5.7933338e-02
   5.1527757e-02
   3.4177473e-02
   3.8818600e-02
   3.0570620e-02
  -1.2685147e-02
  -3.5462559e-02
   2.0666525e-03
   4.7246637e-02
   4.4274527e-02
   1.8347384e-02
   1.3902802e-03
  -3.7988990e-02
  -1.1551857e-01
  -1.6870263e-01
  -1.5140634e-01
  -1.1183342e-01
  -1.0486020e-01
  -1.0846701e-01
  -9.6331473e-02
  -1.0556058e-01
  -1.5643664e-01
  -1.8889008e-01
  -1.5576144e-01
  -1.0067241e-01
  -7.2532118e-02
  -4.4673260e-02
   1.1105561e-02
   5.5949694e-02
   6.3263891e-02
   8.2700533e-02
   1.4970180e-01
   2.1094119e-01
   2.1179964e-01
   1.7851751e-01
   1.4539925e-01
   8.5928585e-02
  -1.0741178e-02
  -7.9384483e-02
  -7.1699658e-02
  -3.2944948e-02
  -1.6611203e-02
  -2.8369741e-03
   3.0950520e-02
   4.4367763e-02
   1.3069320e-02
  -8.5261472e-03
   2.2352271e-02
   6.1310457e-02
   6.0581553e-02
   4.8039304e-02
   5.4683373e-02
   4.7212711e-02
   4.8539869e-03
  -1.8857736e-02
   1.4909273e-02
   5.6914583e-02
   5.4896854e-02
   3.3674105e-02
   2.4204318e-02
  -3.2974448e-03
  -6.4107467e-02
  -9.9354615e-02
  -6.6171352e-02
  -1.1963661e-02
   9.2991412e-03
   1.6915913e-02
   3.4399043e-02
   2.5053234e-02
  -3.1358622e-02
  -7.7930964e-02
  -6.9473813e-02
  -4.6747678e-02
  -5.4985245e-02
  -6.6880497e-02
  -5.3326324e-02
  -4.8987442e-02
  -7.6864197e-02
  -8.7472773e-02
  -4.5274213e-02
   8.8121945e-05
  -2.9039272e-03
  -2.9358307e-02
  -4.7371286e-02
  -8.3639650e-02
  -1.5040644e-01
  -1.8770555e-01
  -1.5184602e-01
  -8.8287807e-02
  -5.0093636e-02
  -1.9974212e-02
   2.2480326e-02
   3.8261615e-02
   4.2843959e-03
  -2.6839691e-02
  -1.3096335e-02
   4.7973464e-03
  -1.6868615e-02
  -4.9628790e-02
  -6.2153413e-02
  -8.4689740e-02
  -1.3592449e-01
  -1.6415248e-01
  -1.3217813e-01
  -8.7252875e-02
  -7.9914081e-02
  -8.7507986e-02
  -8.1703693e-02
  -9.2127823e-02
  -1.3447718e-01
  -1.5353536e-01
  -1.0904299e-01
  -4.6463022e-02
  -1.7154494e-02
  -2.2869689e-03
   2.1243928e-02
   1.9289193e-02
  -2.6572656e-02
  -6.1297905e-02
  -4.1220004e-02
  -4.9266702e-03
   4.3681665e-03
   1.2232692e-02
   4.5590564e-02
   7.0260696e-02
   6.2985419e-02
   6.9548557e-02
   1.2250595e-01
   1.7340116e-01
   1.7232531e-01
   1.4266027e-01
   1.1496715e-01
   6.4439423e-02
  -1.9473839e-02
  -7.8078545e-02
  -6.7925640e-02
  -3.0447610e-02
  -1.4367716e-02
  -1.5358374e-03
   2.8815635e-02
   4.0319833e-02
   1.1233274e-02
  -8.6007540e-03
   1.9987918e-02
   5.6789241e-02
   5.8361283e-02
   4.9855101e-02
   5.9099253e-02
   5.5332521e-02
   1.9106899e-02
  -1.4767055e-03
   2.8378933e-02
   6.3535088e-02
   5.6304600e-02
   2.9321103e-02
   1.1065849e-02
  -2.4943905e-02
  -9.1770749e-02
  -1.3489329e-01
  -1.1424680e-01
  -7.1839973e-02
  -5.5748390e-02
  -4.7631320e-02
  -2.5597761e-02
  -2.2839253e-02
  -5.7964258e-02
  -7.9830544e-02
  -4.8303014e-02
  -1.6850188e-03
   1.7445878e-02
   3.2360461e-02
   6.7984075e-02
   9.1399224e-02
   8.0538875e-02
   7.9572097e-02
   1.2038981e-01
   1.5786967e-01
   1.4561232e-01
   1.0707668e-01
   7.2415777e-02
   1.8730173e-02
  -6.3624950e-02
  -1.1864849e-01
  -1.0525428e-01
  -6.3627861e-02
  -4.1165314e-02
  -2.1650969e-02
   1.3598681e-02
   2.8889809e-02
   2.6914969e-03
  -1.7952315e-02
   4.2075929e-03
   3.1139369e-02
   2.2120784e-02
   2.1659921e-03
  -9.1937777e-04
  -1.5078318e-02
  -5.7487154e-02
  -8.1073951e-02
  -5.1738713e-02
  -1.1989787e-02
  -7.2221927e-03
  -1.6261762e-02
  -1.2819747e-02
  -2.3411974e-02
  -6.2051322e-02
  -7.8470137e-02
  -3.6196766e-02
   2.3123906e-02
   5.2343157e-02
   6.8036800e-02
   9.0642137e-02
   8.8587823e-02
   4.4709270e-02
   8.7942264e-03
   2.0482850e-02
   4.4843293e-02
   4.2939517e-02
   3.8540346e-02
   5.6767372e-02
   6.7243919e-02
   4.9508173e-02
   4.5779832e-02
   8.6099452e-02
   1.2665191e-01
   1.2206998e-01
   9.3382712e-02
   6.7929374e-02
   2.2538000e-02
  -5.3111917e-02
  -1.0641721e-01
  -9.8581706e-02
  -6.7844418e-02
  -5.8864609e-02
  -5.5240037e-02
  -3.7895390e-02
  -3.9403739e-02
  -7.8773324e-02
  -1.0971251e-01
  -9.5494672e-02
  -7.1518262e-02
  -7.6178574e-02
  -8.5669624e-02
  -7.4004435e-02
  -6.8790807e-02
  -8.7726451e-02
  -8.7489436e-02
  -3.7231484e-02
   2.0889205e-02
   4.2140730e-02
   4.5564547e-02
   5.5470101e-02
   4.6263075e-02
   4.7284561e-03
  -2.0629289e-02
   5.8997663e-03
   4.5802467e-02
   5.5459335e-02
   5.2025988e-02
   5.6230316e-02
   3.8993367e-02
  -1.5323791e-02
  -5.8864029e-02
  -5.3797228e-02
  -3.3719575e-02
  -3.6304096e-02
  -3.9604340e-02
  -2.0448262e-02
  -8.5360192e-03
  -2.3966685e-02
  -2.6842475e-02
   1.1406056e-02
   4.9231205e-02
   4.3891971e-02
   1.6189189e-02
  -6.9112437e-03
  -4.6564784e-02
  -1.1175077e-01
  -1.5164657e-01
  -1.2889484e-01
  -7.9971240e-02
  -4.7898430e-02
  -1.7907262e-02
   2.6927472e-02
   5.3969822e-02
   4.3316503e-02
   3.7264584e-02
   6.9079381e-02
   1.0349450e-01
   1.0276244e-01
   8.8930570e-02
   8.6683893e-02
   7.0189953e-02
   2.3629841e-02
  -1.0136686e-02
   2.4358595e-04
   1.6757555e-02
  -9.7857641e-04
  -3.2625764e-02
  -5.3067297e-02
  -8.5153617e-02
  -1.4042067e-01
  -1.7210747e-01
  -1.4622209e-01
  -1.0008383e-01
  -7.6347327e-02
  -6.0076159e-02
  -3.3152461e-02
  -2.5028565e-02
  -5.2277152e-02
  -7.0733142e-02
  -4.5493780e-02
  -9.3926858e-03
   1.2490432e-03
   7.3484465e-03
   3.1336140e-02
   4.5497310e-02
   3.1441681e-02
   2.8047160e-02
   6.3343940e-02
   9.8364772e-02
   9.2791669e-02
   6.6638226e-02
   4.5531650e-02
   8.9750577e-03
  -5.2104253e-02
  -8.9865294e-02
  -6.9320910e-02
  -2.5801746e-02
  -7.0963123e-04
   1.9901321e-02
   5.2321720e-02
   6.5888275e-02
   4.2360223e-02
   2.3032710e-02
   4.0734280e-02
   6.2990107e-02
   5.4886900e-02
   3.8339516e-02
   3.7490300e-02
   2.7947702e-02
  -5.5437579e-03
  -2.2710201e-02
   5.3606640e-03
   4.1118703e-02
   4.4532509e-02
   3.3373617e-02
   3.0009925e-02
   1.1250718e-02
  -3.5003717e-02
  -6.4864115e-02
  -4.6147394e-02
  -1.4170702e-02
  -8.8608005e-03
  -1.4813105e-02
  -1.3267535e-02
  -3.0624794e-02
  -8.0949194e-02
  -1.2048202e-01
  -1.1452382e-01
  -9.3305374e-02
  -9.0810772e-02
  -8.6920971e-02
  -6.0549856e-02
  -3.8861315e-02
  -4.0486563e-02
  -2.9701217e-02
   1.8755014e-02
   6.6276290e-02
   7.3116600e-02
   5.7318623e-02
   4.2627489e-02
   9.2111593e-03
  -5.1454306e-02
  -9.3237147e-02
  -8.1936094e-02
  -5.0164536e-02
  -3.6203513e-02
  -2.5559500e-02
  -1.6200913e-03
   7.2372068e-03
  -1.5817659e-02
  -3.1191038e-02
  -7.7166863e-03
   2.3175617e-02
   2.7459691e-02
   2.5107839e-02
   3.8130504e-02
   4.2283274e-02
   2.2158539e-02
   1.5509658e-02
   4.9534485e-02
   8.8370190e-02
   9.4098951e-02
   8.4195020e-02
   8.0728413e-02
   6.2455109e-02
   1.8731308e-02
  -7.7810609e-03
   1.4241016e-02
   5.1502277e-02
   6.6001688e-02
   7.2164350e-02
   8.7295280e-02
   8.5365602e-02
   5.1911998e-02
   2.7506282e-02
   4.4093866e-02
   7.1833178e-02
   7.7530759e-02
   7.9890400e-02
   9.8902568e-02
   1.0893642e-01
   9.2865934e-02
   8.5710330e-02
   1.1274583e-01
   1.3848078e-01
   1.2634544e-01
   9.4759214e-02
   6.7354611e-02
   2.5897671e-02
  -3.7441123e-02
  -7.8781740e-02
  -6.6013234e-02
  -3.1077287e-02
  -1.1583288e-02
   5.0226911e-03
   3.3279196e-02
   4.4916240e-02
   2.2880500e-02
   4.2222938e-03
   1.8328969e-02
   3.5308950e-02
   2.3196929e-02
   1.8748595e-03
  -6.5481441e-03
  -2.3885545e-02
  -6.3462538e-02
  -8.7977383e-02
  -7.0373081e-02
  -4.4001566e-02
  -4.4528438e-02
  -5.5197197e-02
  -5.5266372e-02
  -6.5657279e-02
  -9.7479057e-02
  -1.1121452e-01
  -7.8246901e-02
  -3.1543195e-02
  -8.4138401e-03
   4.0607153e-03
   2.1861086e-02
   2.0005983e-02
  -1.5094358e-02
  -4.4218392e-02
  -3.6094971e-02
  -1.8178046e-02
  -2.1031820e-02
  -2.5760318e-02
  -1.2369945e-02
  -4.5871249e-03
  -1.8316664e-02
  -2.0068622e-02
   1.4026190e-02
   4.9591954e-02
   5.0979788e-02
   3.4809220e-02
   2.2603274e-02
  -4.0000529e-03
  -5.3310714e-02
  -8.4120215e-02
  -6.6169473e-02
  -2.9970923e-02
  -1.1139910e-02
   2.8075267e-03
   2.6455884e-02
   3.3698173e-02
   9.1543114e-03
  -1.1033780e-02
   1.8128215e-03
   1.9620252e-02
   1.2057322e-02
  -2.0708677e-03
  -2.1237613e-03
  -9.5861536e-03
  -3.8024523e-02
  -5.2817783e-02
  -2.9097250e-02
   5.2391704e-04
   1.4371823e-03
  -1.0697258e-02
  -1.6088604e-02
  -3.4326062e-02
  -7.5317238e-02
  -1.0042471e-01
  -8.1213218e-02
  -4.7878963e-02
  -3.4785448e-02
  -2.8543192e-02
  -1.3090713e-02
  -1.1755600e-02
  -3.7392066e-02
  -5.2909301e-02
  -2.9192883e-02
   6.5325565e-03
   2.3814929e-02
   3.9208042e-02
   7.0280345e-02
   9.3007755e-02
   9.1037582e-02
   9.5429346e-02
   1.2845711e-01
   1.5728614e-01
   1.4829835e-01
   1.1810966e-01
   8.8339478e-02
   4.2809496e-02
  -2.4954956e-02
  -7.4215190e-02
  -7.4793542e-02
  -5.4683282e-02
  -4.7050285e-02
  -3.9556785e-02
  -1.8239728e-02
  -8.2973351e-03
  -2.5014450e-02
  -3.4791153e-02
  -1.1293438e-02
   1.7649295e-02
   2.2104837e-02
   1.9130412e-02
   2.7740777e-02
   2.7035938e-02
   3.9335554e-03
  -8.4475463e-03
   1.3927207e-02
   4.0437220e-02
   3.8638243e-02
   2.4016102e-02
   1.5917699e-02
  -4.0003128e-03
  -4.5035815e-02
  -7.0405018e-02
  -5.3251222e-02
  -2.2789292e-02
  -1.2318513e-02
  -9.6442453e-03
   1.8674939e-05
  -5.9780012e-03
  -4.0099941e-02
  -6.6939379e-02
  -5.8412774e-02
  -3.9872849e-02
  -3.9495117e-02
  -4.0437505e-02
  -2.4774365e-02
  -1.4221001e-02
  -2.3267402e-02
  -2.1390559e-02
   1.3267712e-02
   4.9659176e-02
   5.5584746e-02
   4.6329286e-02
   4.1559447e-02
   2.4571978e-02
  -1.2324945e-02
  -3.1935115e-02
  -7.1381896e-03
   3.3840443e-02
   5.8081008e-02
   7.6387648e-02
   1.0152143e-01
   1.0934786e-01
   8.5630472e-02
   6.3154601e-02
   6.8119540e-02
   7.5327161e-02
   5.7709413e-02
   3.3017984e-02
   2.0769801e-02
   2.2185761e-03
  -3.4213452e-02
  -5.6389325e-02
  -4.1192138e-02
  -1.7964091e-02
  -1.8088414e-02
  -2.7480846e-02
  -2.8523539e-02
  -3.9589851e-02
  -7.0388571e-02
  -8.6566941e-02
  -6.3050325e-02
  -2.8000432e-02
  -1.3232557e-02
  -6.9575038e-03
   5.2696752e-03
   2.3260767e-03
  -2.7151361e-02
  -4.8906775e-02
  -3.5771656e-02
  -1.1695827e-02
  -3.5314826e-03
   4.5627796e-03
   2.9237663e-02
   4.9155356e-02
   4.9732673e-02
   5.9245330e-02
   9.7730044e-02
   1.3488562e-01
   1.3950009e-01
   1.2588661e-01
   1.1282607e-01
   8.4723821e-02
   3.4865511e-02
  -4.1793756e-04
   5.7739422e-03
   2.7660421e-02
   3.4979398e-02
   3.9056797e-02
   5.2892346e-02
   5.4040960e-02
   2.9181323e-02
   9.4928390e-03
   1.9550534e-02
   3.4637232e-02
   2.8033898e-02
   1.5624023e-02
   1.4938716e-02
   7.0896584e-03
  -1.9818695e-02
  -3.5765126e-02
  -1.9040235e-02
   2.3601516e-03
  -1.1962839e-03
  -1.5713939e-02
  -2.3614768e-02
  -4.1507189e-02
  -7.7701302e-02
  -9.8555644e-02
  -7.9428041e-02
  -4.6666080e-02
  -3.0383641e-02
  -1.9426150e-02
  -4.1060950e-04
   5.8628105e-03
  -1.2307959e-02
  -2.3253084e-02
  -2.0911158e-03
   2.7386451e-02
   3.8782419e-02
   4.6648367e-02
   6.6604596e-02
   7.8375497e-02
   6.8450918e-02
   6.4480227e-02
   8.6491940e-02
   1.0667232e-01
   9.6400040e-02
   7.0423667e-02
   4.7618375e-02
   1.3866991e-02
  -3.6757049e-02
  -6.9448783e-02
  -5.8713787e-02
  -2.9585076e-02
  -1.1615447e-02
   5.1201458e-03
   3.2051062e-02
   4.6808865e-02
   3.5810955e-02
   2.8068580e-02
   4.6515710e-02
   6.7340024e-02
   6.5081568e-02
   5.5143710e-02
   5.4699265e-02
   4.6331043e-02
   1.9350503e-02
   3.0185081e-03
   1.8577031e-02
   3.9716974e-02
   3.8366450e-02
   2.7828137e-02
   2.4598900e-02
   1.2385021e-02
  -1.7338707e-02
  -3.3173964e-02
  -1.2304025e-02
   1.9546724e-02
   3.3212399e-02
   3.9084307e-02
   4.9924102e-02
   4.6158632e-02
   1.7135590e-02
  -6.2349817e-03
   6.3081053e-04
   1.5976679e-02
   1.5545086e-02
   1.4019588e-02
   2.6920247e-02
   3.5294683e-02
   2.6354742e-02
   2.6256871e-02
   5.3604092e-02
   8.1136437e-02
   8.0643911e-02
   6.5173122e-02
   5.1702435e-02
   2.5844183e-02
  -1.8799793e-02
  -4.9538623e-02
  -4.2258494e-02
  -2.0701471e-02
  -1.2605436e-02
  -7.7897227e-03
   5.5739595e-03
   7.2177856e-03
  -1.4714257e-02
  -3.1529523e-02
  -2.0488115e-02
  -3.6600333e-03
  -4.9813921e-03
  -9.7512693e-03
  -1.9093065e-03
   1.3233691e-03
  -1.1104072e-02
  -1.2320331e-02
   1.6820327e-02
   5.0140025e-02
   5.9889196e-02
   5.7959328e-02
   5.9540491e-02
   4.8848216e-02
   1.7807771e-02
  -3.3023932e-03
   7.8580451e-03
   2.7527474e-02
   2.8768180e-02
   2.2382417e-02
   2.1373225e-02
   7.7810076e-03
  -2.8035102e-02
  -5.6308311e-02
  -5.3536711e-02
  -4.0623328e-02
  -4.1040377e-02
  -4.1260972e-02
  -2.7027244e-02
  -1.6948360e-02
  -2.3687504e-02
  -2.2649977e-02
   3.7206500e-03
   2.9433796e-02
   2.7773516e-02
   1.1517719e-02
  -2.6950613e-03
  -2.8080565e-02
  -7.0249852e-02
  -9.7623311e-02
  -8.6941045e-02
  -6.0762537e-02
  -4.5674353e-02
  -3.2330369e-02
  -1.0017521e-02
   1.2111602e-03
  -1.0777911e-02
  -1.9481061e-02
  -4.0140908e-03
   1.3918858e-02
   1.1044621e-02
   1.1968150e-03
  -1.9461374e-04
  -9.1260317e-03
  -3.5423142e-02
  -5.2512584e-02
  -4.1016982e-02
  -2.4691849e-02
  -2.8804906e-02
  -4.0937597e-02
  -4.5727827e-02
  -5.7623793e-02
  -8.4050419e-02
  -9.6215484e-02
  -7.3243521e-02
  -3.8531026e-02
  -1.8756660e-02
  -4.7870679e-03
   1.4530679e-02
   2.0847011e-02
   3.8601947e-03
  -8.9568188e-03
   4.1592924e-03
   2.2935750e-02
   2.4966819e-02
   2.3427227e-02
   3.2450083e-02
   3.5029703e-02
   1.9953691e-02
   1.1575575e-02
   2.7496077e-02
   4.3678304e-02
   3.5219736e-02
   1.4663100e-02
  -1.9948993e-03
  -2.7442020e-02
  -6.7302851e-02
  -9.1880200e-02
  -7.9488730e-02
  -5.2145024e-02
  -3.5654618e-02
  -2.1455025e-02
   4.6663607e-04
   1.0956906e-02
  -1.4161388e-03
  -1.1093050e-02
   2.2400771e-03
   1.8349407e-02
   1.5504402e-02
   7.2925637e-03
   8.7027779e-03
   4.5924376e-03
  -1.4492665e-02
  -2.3503810e-02
  -4.4433921e-03
   1.9404406e-02
   2.3212424e-02
   1.8053209e-02
   1.7845779e-02
   8.1986370e-03
  -1.8403223e-02
  -3.4710070e-02
  -2.0757039e-02
   1.4797449e-03
   7.1505807e-03
   5.7681091e-03
   8.9251070e-03
   1.6160620e-04
  -2.9316098e-02
  -5.2377056e-02
  -4.7507142e-02
  -3.3511247e-02
  -3.1510258e-02
  -2.9001474e-02
  -1.2864557e-02
   6.5828310e-05
  -1.7303770e-03
   4.0022484e-03
   3.3027466e-02
   6.1441855e-02
   6.4633424e-02
   5.3881454e-02
   4.3997835e-02
   2.2712146e-02
  -1.5239175e-02
  -4.1189610e-02
  -3.3905260e-02
  -1.3677514e-02
  -4.3401039e-03
   3.0349520e-03
   1.8674891e-02
   2.4848011e-02
   1.0987631e-02
   1.5732537e-03
   1.5853429e-02
   3.4204293e-02
   3.5405118e-02
   3.1798446e-02
   3.7018814e-02
   3.5998448e-02
   1.9190519e-02
   1.0102605e-02
   2.5717674e-02
   4.3877595e-02
   4.1174060e-02
   2.8627668e-02
   2.0128975e-02
   2.6716453e-03
  -3.0165537e-02
  -5.1699377e-02
  -4.2304945e-02
  -2.2518079e-02
  -1.5826382e-02
  -1.3186313e-02
  -3.8035424e-03
  -3.8417622e-03
  -2.2321875e-02
  -3.4119255e-02
  -1.9505288e-02
   2.8355498e-03
   1.2109262e-02
   1.9738121e-02
   3.7931094e-02
   5.0554738e-02
   4.6763043e-02
   4.8113740e-02
   7.0133404e-02
   9.0629585e-02
   8.6773677e-02
   6.9932113e-02
   5.4749855e-02
   2.9907068e-02
  -9.4130566e-03
  -3.5869784e-02
  -2.9399829e-02
  -9.6997684e-03
   3.3680938e-05
   7.7761703e-03
   2.2740651e-02
   2.7545190e-02
   1.1763457e-02
  -1.4428108e-03
   6.3025531e-03
   1.6522958e-02
   9.4191118e-03
  -2.6393540e-03
  -5.9365928e-03
  -1.4075917e-02
  -3.5421282e-02
  -4.6918042e-02
  -3.1898797e-02
  -1.1237183e-02
  -7.2541170e-03
  -9.7105185e-03
  -5.8873558e-03
  -8.9333763e-03
  -2.5884359e-02
  -3.2305409e-02
  -1.0504903e-02
   1.8985780e-02
   3.2969409e-02
   3.9482023e-02
   4.8491949e-02
   4.4551661e-02
   1.9314046e-02
  -2.7438343e-03
  -2.0691598e-03
   4.4214120e-03
  -2.1182589e-03
  -9.8147095e-03
  -6.1213150e-03
  -5.6620854e-03
  -1.8219688e-02
  -2.2914539e-02
  -4.8648442e-03
   1.4609146e-02
   1.3374559e-02
   1.7454399e-03
  -6.9362328e-03
  -2.4118467e-02
  -5.5016520e-02
  -7.4093889e-02
  -6.2618816e-02
  -3.9608195e-02
  -2.7244815e-02
  -1.7827177e-02
  -2.3401041e-03
   2.9657900e-03
  -1.1486068e-02
  -2.3258028e-02
  -1.4538606e-02
  -2.7612370e-03
  -6.7558820e-03
  -1.4827760e-02
  -1.4141701e-02
  -1.8031763e-02
  -3.4918423e-02
  -4.3296892e-02
  -2.7728882e-02
  -8.4912948e-03
  -7.1101140e-03
  -1.3895107e-02
  -1.6597673e-02
  -2.7435843e-02
  -5.2616129e-02
  -6.8189644e-02
  -5.6540163e-02
  -3.6462988e-02
  -2.9330258e-02
  -2.6836777e-02
  -1.9000128e-02
  -2.0285673e-02
  -3.8632889e-02
  -5.0937099e-02
  -3.9029341e-02
  -1.9719761e-02
  -1.1809843e-02
  -4.8934086e-03
   1.2070387e-02
   2.4285593e-02
   2.1714747e-02
   2.3758719e-02
   4.4343279e-02
   6.3139752e-02
   5.9305886e-02
   4.3172862e-02
   2.8147751e-02
   4.1263230e-03
  -3.3000044e-02
  -5.8042493e-02
  -5.2398530e-02
  -3.3620827e-02
  -2.2490752e-02
  -1.1533471e-02
   7.7335552e-03
   1.9472831e-02
   1.4017551e-02
   1.2086135e-02
   2.9909628e-02
   5.0105856e-02
   5.4021550e-02
   5.2229212e-02
   5.6555907e-02
   5.4073085e-02
   3.6744045e-02
   2.5262708e-02
   3.4707270e-02
   4.6227046e-02
   3.9852506e-02
   2.5392964e-02
   1.5054733e-02
  -2.3767028e-03
  -3.2513317e-02
  -5.2365386e-02
  -4.5137487e-02
  -2.8895856e-02
  -2.4278489e-02
  -2.3699927e-02
  -1.8000815e-02
  -2.1307286e-02
  -4.1450139e-02
  -5.6547897e-02
  -4.9287836e-02
  -3.5562595e-02
  -3.3023927e-02
  -3.1358862e-02
  -1.9573022e-02
  -1.1280827e-02
  -1.5588245e-02
  -1.3615862e-02
   8.1617185e-03
   3.0436565e-02
   3.3216658e-02
   2.6035188e-02
   2.1174774e-02
   8.3504699e-03
  -1.7105547e-02
  -3.1964109e-02
  -1.9246616e-02
   3.6487213e-03
   1.6403460e-02
   2.5848725e-02
   4.0015720e-02
   4.3997427e-02
   2.9011562e-02
   1.5458168e-02
   1.9619156e-02
   2.5823185e-02
   1.7211656e-02
   4.7430749e-03
   4.5253264e-04
  -7.4083483e-03
  -2.6146101e-02
  -3.5919153e-02
  -2.2489611e-02
  -4.2010627e-03
  -6.5608425e-04
  -3.2016723e-03
  -9.7386429e-04
  -5.4468035e-03
  -2.2692823e-02
  -3.1394760e-02
  -1.5979242e-02
   6.0765416e-03
   1.5041618e-02
   1.8283375e-02
   2.4828381e-02
   2.1615722e-02
   1.6493919e-03
  -1.3730719e-02
  -7.5910896e-03
   5.2424584e-03
   8.1329037e-03
   1.0953444e-02
   2.4070066e-02
   3.4242077e-02
   3.2415964e-02
   3.6153716e-02
   5.7894747e-02
   7.8808002e-02
   7.9496887e-02
   6.8846166e-02
   5.8520868e-02
   3.8840252e-02
   5.6481893e-03
  -1.8463952e-02
  -1.6753256e-02
  -5.1916980e-03
  -2.5275227e-03
  -1.6706317e-03
   5.5115106e-03
   5.1340587e-03
  -1.1024159e-02
  -2.3549188e-02
  -1.7139933e-02
  -7.1273353e-03
  -1.0101849e-02
  -1.6208681e-02
  -1.4588595e-02
  -1.7023982e-02
  -3.0971999e-02
  -3.7869320e-02
  -2.4329699e-02
  -7.8526143e-03
  -6.9605609e-03
  -1.3077787e-02
  -1.5400169e-02
  -2.4350902e-02
  -4.5185649e-02
  -5.7083939e-02
  -4.4794230e-02
  -2.4713939e-02
  -1.5553977e-02
  -1.0363953e-02
  -7.8280419e-04
   3.4207341e-04
  -1.4163115e-02
  -2.4512674e-02
  -1.5123850e-02
  -6.3937757e-04
   2.6820074e-03
   4.0140139e-03
   1.3184775e-02
   1.7710132e-02
   9.2883388e-03
   5.1602616e-03
   1.7805658e-02
   2.9957188e-02
   2.3816065e-02
   8.4942807e-03
  -4.3598316e-03
  -2.3615224e-02
  -5.3072327e-02
  -7.1244450e-02
  -6.2436083e-02
  -4.2338932e-02
  -2.9447055e-02
  -1.7720752e-02
  -1.6845359e-04
   9.2300395e-03
   1.9791622e-03
  -3.9290711e-03
   5.7538773e-03
   1.6271257e-02
   1.1873593e-02
   2.2225047e-03
  -1.8967257e-03
  -1.1165156e-02
  -3.2070211e-02
  -4.6276473e-02
  -4.0428529e-02
  -3.0713677e-02
  -3.4426370e-02
  -4.3178811e-02
  -4.6622415e-02
  -5.4804440e-02
  -7.2977147e-02
  -8.1625971e-02
  -6.6599525e-02
  -4.3930025e-02
  -3.1816743e-02
  -2.3913309e-02
  -1.2422372e-02
  -9.6479308e-03
  -2.2362989e-02
  -3.1527709e-02
  -2.2029890e-02
  -7.5343561e-03
  -3.2463760e-03
  -1.6446889e-04
   1.1254203e-02
   1.9163975e-02
   1.5574391e-02
   1.6712732e-02
   3.4140531e-02
   5.0955410e-02
   4.9686848e-02
   3.8510089e-02
   2.8057387e-02
   9.4879968e-03
  -2.1070009e-02
  -4.3206213e-02
  -4.1840418e-02
  -3.1624910e-02
  -2.9703222e-02
  -2.9676795e-02
  -2.4136738e-02
  -2.5624995e-02
  -4.1472238e-02
  -5.3834847e-02
  -4.8578509e-02
  -3.9412971e-02
  -4.1214627e-02
  -4.4864946e-02
  -4.0403484e-02
  -3.8543228e-02
  -4.6162491e-02
  -4.6580177e-02
  -2.7909346e-02
  -6.4112267e-03
   6.8185524e-04
   7.6570387e-04
   3.2884187e-03
  -1.5404878e-03
  -1.8722805e-02
  -2.9439222e-02
  -1.9806088e-02
  -4.5835562e-03
  -5.1349996e-04
  -9.0542268e-04
   9.3657211e-04
  -2.4643295e-03
  -2.2486386e-02
  -3.7233253e-02
  -3.0608935e-02
  -1.7077186e-02
  -1.2885572e-02
  -8.8174234e-03
   4.8578379e-03
   1.5245182e-02
   1.3547590e-02
   1.6650736e-02
   3.6619646e-02
   5.5528381e-02
   5.4958617e-02
   4.3736083e-02
   3.3377437e-02
   1.4831774e-02
  -1.5693805e-02
  -3.6313835e-02
  -3.0859237e-02
  -1.4777307e-02
  -6.3071990e-03
   1.1112332e-03
   1.4977884e-02
   2.1527286e-02
   1.2438456e-02
   6.0682655e-03
   1.6878995e-02
   2.9871983e-02
   2.8927735e-02
   2.3557742e-02
   2.4363719e-02
   2.0192090e-02
   4.1379966e-03
  -5.5217455e-03
   4.5179164e-03
   1.7706723e-02
   1.6443008e-02
   9.2311338e-03
   6.6392166e-03
  -1.3921129e-03
  -2.0036767e-02
  -2.9339417e-02
  -1.4791771e-02
   7.4507190e-03
   1.8969065e-02
   2.6195666e-02
   3.6985999e-02
   3.8739532e-02
   2.4438721e-02
   1.3284615e-02
   2.0521274e-02
   3.2198641e-02
   3.2856876e-02
   3.1720015e-02
   3.8657408e-02
   4.1875187e-02
   3.3566235e-02
   3.0611685e-02
   4.5178555e-02
   6.0457273e-02
   5.8999760e-02
   4.9376587e-02
   4.2553782e-02
   2.9534616e-02
   6.2313915e-03
  -6.8501634e-03
   5.2433984e-03
   2.7058436e-02
   4.0514347e-02
   5.1488635e-02
   6.6903883e-02
   7.3392919e-02
   6.2993983e-02
   5.3560444e-02
   5.9329863e-02
   6.6297476e-02
   5.9426548e-02
   4.8326150e-02
   4.3600866e-02
   3.4839249e-02
   1.5592362e-02
   3.4877883e-03
   1.1230022e-02
   2.2686040e-02
   2.0614039e-02
   1.2817649e-02
   9.0706255e-03
  -6.5589200e-04
  -2.1615099e-02
  -3.4782534e-02
  -2.6234107e-02
  -1.1382960e-02
  -7.6751871e-03
  -8.5386423e-03
  -5.9454251e-03
  -1.1493306e-02
  -3.1418204e-02
  -4.6804526e-02
  -4.2646413e-02
  -3.2149755e-02
  -3.0137976e-02
  -2.7877306e-02
  -1.6181988e-02
  -6.8383232e-03
  -7.9052621e-03
  -3.7634930e-03
   1.6670996e-02
   3.6677663e-02
   3.9027760e-02
   3.1653480e-02
   2.4965321e-02
   1.0370891e-02
  -1.5819121e-02
  -3.3490438e-02
  -2.7742629e-02
  -1.2830029e-02
  -5.5114150e-03
   4.4789129e-04
   1.2195642e-02
   1.7239583e-02
   8.1153839e-03
   1.9883138e-03
   1.2363827e-02
   2.5435367e-02
   2.6273992e-02
   2.3555171e-02
   2.6879267e-02
   2.5671188e-02
   1.3242619e-02
   6.1691267e-03
   1.6449815e-02
   2.8540983e-02
   2.6008361e-02
   1.6647327e-02
   1.0273096e-02
  -2.2477638e-03
  -2.5426635e-02
  -4.0465150e-02
  -3.3541290e-02
  -1.9145366e-02
  -1.3871575e-02
  -1.1400898e-02
  -4.1861597e-03
  -3.6958590e-03
  -1.6371438e-02
  -2.4569164e-02
  -1.4437990e-02
   7.8087871e-04
   6.3608268e-03
   1.0324056e-02
   2.1271576e-02
   2.7816250e-02
   2.2320205e-02
   2.0052328e-02
   3.2051745e-02
   4.2732499e-02
   3.6066738e-02
   2.0199687e-02
   5.6084541e-03
  -1.5576891e-02
  -4.6633738e-02
  -6.8105093e-02
  -6.5681866e-02
  -5.3191653e-02
  -4.6968653e-02
  -4.1322596e-02
  -2.9712019e-02
  -2.4447061e-02
  -3.2950707e-02
  -3.8895909e-02
  -2.9361823e-02
  -1.7546501e-02
  -1.7612237e-02
  -2.0951690e-02
  -1.8006773e-02
  -1.8577759e-02
  -2.8752794e-02
  -3.2339469e-02
  -1.7648564e-02
   4.1500471e-04
   5.9363752e-03
   6.1165312e-03
   9.9506634e-03
   8.1155742e-03
  -4.3485667e-03
  -1.0038609e-02
   3.6976722e-03
   2.2403987e-02
   2.9739464e-02
   3.1546544e-02
   3.5048994e-02
   2.9418913e-02
   8.8604900e-03
  -9.1125407e-03
  -1.0492798e-02
  -7.2083256e-03
  -1.2589604e-02
  -1.8158724e-02
  -1.4980835e-02
  -1.3466286e-02
  -2.0612421e-02
  -2.1629263e-02
  -6.0047754e-03
   1.1002352e-02
   1.3536258e-02
   8.8231116e-03
   6.2484623e-03
  -2.4433745e-03
  -2.1065570e-02
  -3.1519018e-02
  -2.0526121e-02
  -1.6770201e-03
   9.1936393e-03
   1.7557542e-02
   2.9844230e-02
   3.4494039e-02
   2.4713678e-02
   1.6544533e-02
   2.2746538e-02
   3.0954767e-02
   2.7802752e-02
   2.1691089e-02
   2.1833385e-02
   1.8765902e-02
   6.5162932e-03
   4.5770770e-04
   1.1628313e-02
   2.5559451e-02
   2.6870718e-02
   2.2456834e-02
   2.1034923e-02
   1.3842058e-02
  -3.5981891e-03
  -1.4217696e-02
  -5.4632959e-03
   9.2035484e-03
   1.4478377e-02
   1.6274371e-02
   2.1716398e-02
   2.0459386e-02
   6.8301270e-03
  -2.6316199e-03
   5.0995246e-03
   1.8033933e-02
   2.2754837e-02
   2.6744398e-02
   3.7942463e-02
   4.5793698e-02
   4.3139082e-02
   4.3888988e-02
   5.8031372e-02
   7.1014584e-02
   6.7901665e-02
   5.6072631e-02
   4.5106679e-02
   2.7731707e-02
   9.6387263e-04
  -1.7184012e-02
  -1.3411967e-02
  -3.3411104e-04
   7.1188964e-03
   1.4281471e-02
   2.7223425e-02
   3.4582742e-02
   2.9431463e-02
   2.6654040e-02
   3.7934753e-02
   5.0850038e-02
   5.2067386e-02
   4.9236413e-02
   5.0915691e-02
   4.7892258e-02
   3.4459143e-02
   2.5536579e-02
   3.2008290e-02
   4.0374218e-02
   3.6307915e-02
   2.6857847e-02
   2.0779591e-02
   9.9785202e-03
  -9.6354449e-03
  -2.1608075e-02
  -1.3946585e-02
   2.6448437e-04
   6.0759953e-03
   8.8292986e-03
   1.5001124e-02
   1.4322666e-02
   1.0602128e-03
  -9.1250956e-03
  -3.8346889e-03
   5.4546160e-03
   6.0178739e-03
   5.2844067e-03
   1.1203252e-02
   1.4028857e-02
   7.2811749e-03
   4.6566316e-03
   1.6017009e-02
   2.7582914e-02
   2.5082088e-02
   1.5515663e-02
   7.8655782e-03
  -5.1598633e-03
  -2.6820582e-02
  -4.0282075e-02
  -3.3231839e-02
  -1.8169437e-02
  -9.7331458e-03
  -3.0100739e-03
   7.7544721e-03
   1.1742599e-02
   2.5295994e-03
  -5.2690187e-03
  -1.6809801e-05
   6.8536236e-03
   3.0443026e-03
  -3.6611509e-03
  -4.6905821e-03
  -8.6318475e-03
  -2.0851817e-02
  -2.7089071e-02
  -1.7101485e-02
  -4.1589592e-03
  -2.4225060e-03
  -5.6157416e-03
  -5.8391378e-03
  -1.1316748e-02
  -2.6354756e-02
  -3.5446176e-02
  -2.7222363e-02
  -1.4207109e-02
  -1.0561036e-02
  -1.0856023e-02
  -8.4711867e-03
  -1.2775901e-02
  -2.8771573e-02
  -4.0975282e-02
  -3.7105761e-02
  -2.7883192e-02
  -2.5362548e-02
  -2.2429733e-02
  -1.1626314e-02
  -2.5970116e-03
  -1.9680094e-03
   2.9019057e-03
   2.0946292e-02
   3.8450816e-02
   4.1289697e-02
   3.5829659e-02
   3.0464072e-02
   1.8131313e-02
  -4.2169426e-03
  -2.0229507e-02
  -1.7775882e-02
  -8.4278908e-03
  -5.7652042e-03
  -4.6278617e-03
   9.0837338e-04
   8.0453521e-04
  -1.0872533e-02
  -2.0010762e-02
  -1.5478851e-02
  -8.3719950e-03
  -1.0709197e-02
  -1.5327446e-02
  -1.4337868e-02
  -1.6289834e-02
  -2.6601122e-02
  -3.1803286e-02
  -2.2183944e-02
  -1.0456489e-02
  -1.0081176e-02
  -1.4838126e-02
  -1.6881742e-02
  -2.3778820e-02
  -3.9337952e-02
  -4.8414455e-02
  -3.9897554e-02
  -2.5667169e-02
  -1.9284085e-02
  -1.5657132e-02
  -8.6658556e-03
  -7.6076346e-03
  -1.7661067e-02
  -2.4407539e-02
  -1.6487512e-02
  -4.5312813e-03
  -3.6075136e-04
   2.6856736e-03
   1.1734133e-02
   1.7664603e-02
   1.4383430e-02
   1.4370933e-02
   2.6636590e-02
   3.8533012e-02
   3.7016459e-02
   2.8628649e-02
   2.1762798e-02
   9.8815052e-03
  -9.8544152e-03
  -2.1855896e-02
  -1.4730467e-02
   7.3162528e-05
   9.0799324e-03
   1.6704178e-02
   2.8075243e-02
   3.3061419e-02
   2.5540823e-02
   1.8708298e-02
   2.3045658e-02
   2.7901797e-02
   2.1900697e-02
   1.2187392e-02
   6.7226706e-03
  -2.1937415e-03
  -1.9220533e-02
  -3.0930736e-02
  -2.7544634e-02
  -2.0850810e-02
  -2.3471401e-02
  -2.9316438e-02
  -3.0883082e-02
  -3.5567107e-02
  -4.7282248e-02
  -5.1878400e-02
  -3.9122094e-02
  -2.0812178e-02
  -1.0331323e-02
  -3.1389863e-03
   6.3774666e-03
   9.1687213e-03
   2.3949885e-04
  -6.5344776e-03
  -1.2014106e-04
   9.5200943e-03
   1.1316313e-02
   1.1900042e-02
   1.8317784e-02
   2.2003276e-02
   1.7214854e-02
   1.5914188e-02
   2.6657956e-02
   3.7196176e-02
   3.4851717e-02
   2.5680655e-02
   1.7522043e-02
   3.9604510e-03
  -1.7808498e-02
  -3.2853401e-02
  -3.0158236e-02
  -2.0472056e-02
  -1.6389215e-02
  -1.3302814e-02
  -5.8793178e-03
  -3.3913718e-03
  -1.1307708e-02
  -1.6678731e-02
  -9.2634428e-03
   8.0913598e-04
   2.5624285e-03
   2.5938247e-03
   8.1342736e-03
   1.1298203e-02
   7.0231580e-03
   7.5143916e-03
   2.1487545e-02
   3.7062479e-02
   4.1658233e-02
   4.0740890e-02
   4.1290232e-02
   3.6199939e-02
   2.1872283e-02
   1.2161176e-02
   1.7304509e-02
   2.6546976e-02
   2.7669573e-02
   2.5613740e-02
   2.6305490e-02
   2.1555153e-02
   6.9396958e-03
  -4.0367517e-03
  -7.3409715e-04
   7.2549252e-03
   9.1571214e-03
   1.1047073e-02
   1.9335782e-02
   2.5468552e-02
   2.3607848e-02
   2.4905322e-02
   3.7325806e-02
   4.9010623e-02
   4.7787515e-02
   3.9501660e-02
   3.1778829e-02
   1.8655111e-02
  -2.3542914e-03
  -1.6769235e-02
  -1.3893138e-02
  -3.9177915e-03
   1.1219324e-03
   5.5657478e-03
   1.4365121e-02
   1.8424162e-02
   1.2237544e-02
   7.9020841e-03
   1.4932685e-02
   2.3396107e-02
   2.2621066e-02
   1.8847625e-02
   1.9032764e-02
   1.5785525e-02
   4.5252882e-03
  -2.7158554e-03
   2.8195978e-03
   1.0214822e-02
   7.8760726e-03
   1.4310018e-03
  -2.1246418e-03
  -9.3795024e-03
  -2.3692162e-02
  -3.1860019e-02
  -2.4270392e-02
  -1.1508032e-02
  -5.6448951e-03
  -2.3894732e-03
   3.4770498e-03
   3.6956119e-03
  -6.3266870e-03
  -1.3940136e-02
  -9.1198713e-03
  -1.0693435e-03
   4.0109480e-06
   1.2038941e-04
   5.7094120e-03
   8.9414789e-03
   4.6055032e-03
   3.7216067e-03
   1.4206075e-02
   2.4928666e-02
   2.4352684e-02
   1.8056967e-02
   1.3206257e-02
   3.8630840e-03
  -1.2663500e-02
  -2.2888936e-02
  -1.6961696e-02
  -4.9841388e-03
   1.2388627e-03
   5.6529640e-03
   1.2900188e-02
   1.4310724e-02
   4.7708414e-03
  -3.8898969e-03
  -2.2245948e-03
   6.7090310e-04
  -4.9848652e-03
  -1.2819239e-02
  -1.5829014e-02
  -2.0817643e-02
  -3.2009937e-02
  -3.7866715e-02
  -3.0104089e-02
  -1.9365250e-02
  -1.7033804e-02
  -1.8090985e-02
  -1.6241457e-02
  -1.8174585e-02
  -2.7451563e-02
  -3.1728799e-02
  -2.2003461e-02
  -8.4790369e-03
  -2.6722170e-03
  -3.5336407e-04
   3.6766157e-03
   1.7884313e-03
  -1.0113821e-02
  -1.9644692e-02
  -1.6963314e-02
  -1.0673016e-02
  -1.0415969e-02
  -1.0409066e-02
  -4.5673139e-03
  -5.1744458e-04
  -3.4436024e-03
  -3.0487380e-03
   7.9897990e-03
   1.8809762e-02
   1.8211887e-02
   1.1432514e-02
   5.3121170e-03
  -5.7401579e-03
  -2.4122499e-02
  -3.6696208e-02
  -3.3744434e-02
  -2.4602143e-02
  -2.0241751e-02
  -1.6623151e-02
  -9.1138501e-03
  -5.9021794e-03
  -1.1888492e-02
  -1.5893967e-02
  -9.1268753e-03
  -6.1103237e-04
  -9.0595364e-05
  -1.9014609e-03
   2.2817384e-04
  -5.8306079e-04
  -8.6741331e-03
  -1.3211755e-02
  -6.3494269e-03
   1.8029917e-03
   5.5778812e-04
  -4.9824283e-03
  -8.4066472e-03
  -1.5658230e-02
  -2.9674035e-02
  -3.8214340e-02
  -3.2293387e-02
  -2.1373156e-02
  -1.6286903e-02
  -1.2949856e-02
  -6.4825391e-03
  -4.3860134e-03
  -1.0885473e-02
  -1.4528458e-02
  -6.3314275e-03
   5.0646361e-03
   1.0063160e-02
   1.3876139e-02
   2.2097275e-02
   2.7327136e-02
   2.4614433e-02
   2.3908585e-02
   3.2409251e-02
   4.0009542e-02
   3.6320910e-02
   2.6667074e-02
   1.7881384e-02
   4.8692805e-03
  -1.4484559e-02
  -2.7535368e-02
  -2.4996138e-02
  -1.5864667e-02
  -1.0770896e-02
  -6.0487453e-03
   2.5119273e-03
   6.8777945e-03
   2.1879441e-03
  -1.0047442e-03
   5.6392916e-03
   1.3514327e-02
   1.3399775e-02
   1.0857567e-02
   1.2074542e-02
   1.0693228e-02
   2.7792710e-03
  -1.1409084e-03
   6.5481469e-03
   1.6232352e-02
   1.7657995e-02
   1.5564572e-02
   1.5857690e-02
   1.2574430e-02
   2.5806669e-03
  -2.7746414e-03
   4.7679057e-03
   1.5897987e-02
   2.0076095e-02
   2.1114892e-02
   2.3702578e-02
   2.0822338e-02
   8.6994318e-03
  -1.3716158e-03
  -3.8644681e-04
   3.8606040e-03
   2.6601201e-03
   1.4056373e-03
   5.7792735e-03
   8.9489896e-03
   6.2960861e-03
   7.2980729e-03
   1.8673045e-02
   3.0490875e-02
   3.2456187e-02
   2.9213820e-02
   2.6821155e-02
   1.9953826e-02
   6.1790963e-03
  -2.7618064e-03
   1.7685808e-03
   1.1064719e-02
   1.4985596e-02
   1.7158650e-02
   2.1830808e-02
   2.1633059e-02
   1.2271472e-02
   4.1833827e-03
   5.6725018e-03
   8.8129757e-03
   5.0206895e-03
  -2.5917313e-04
  -1.0766503e-03
  -3.5476237e-03
  -1.1549449e-02
  -1.5207751e-02
  -7.4594142e-03
   2.3026349e-03
   4.0958352e-03
   2.2962633e-03
   2.4527635e-03
  -1.1489802e-03
  -1.1452726e-02
  -1.7512345e-02
  -1.1284539e-02
  -1.4738665e-03
   2.0446771e-03
   3.0766149e-03
   6.2183074e-03
   4.8279513e-03
  -4.7159758e-03
  -1.1727536e-02
  -7.7816660e-03
  -5.5162275e-04
   1.3753769e-03
   2.8606484e-03
   9.0542010e-03
   1.3201325e-02
   1.0727725e-02
   1.0602853e-02
   1.9261231e-02
   2.7347639e-02
   2.5254729e-02
   1.7717409e-02
   1.0875349e-02
   3.0286039e-05
  -1.6761931e-02
  -2.7955360e-02
  -2.5037132e-02
  -1.6143749e-02
  -1.0893156e-02
  -5.8795508e-03
   2.7786967e-03
   7.7738786e-03
   4.6541024e-03
   2.9779739e-03
   1.0250692e-02
   1.8505054e-02
   1.9197015e-02
   1.7252107e-02
   1.8177314e-02
   1.6074868e-02
   7.2964340e-03
   1.4226210e-03
   5.4370442e-03
   1.0679034e-02
   7.9571212e-03
   1.7836019e-03
  -2.2407009e-03
  -9.3213100e-03
  -2.2096662e-02
  -3.0038434e-02
  -2.5480541e-02
  -1.6825031e-02
  -1.3660599e-02
  -1.2568401e-02
  -9.3970244e-03
  -1.0713792e-02
  -2.0170955e-02
  -2.7711830e-02
  -2.5365243e-02
  -2.0441038e-02
  -2.1039494e-02
  -2.2354418e-02
  -1.9247532e-02
  -1.7906210e-02
  -2.2428989e-02
  -2.4010170e-02
  -1.6308716e-02
  -8.1177441e-03
  -8.5535949e-03
  -1.3137728e-02
  -1.6140787e-02
  -2.2254480e-02
  -3.3604728e-02
  -3.9484508e-02
  -3.2092592e-02
  -1.9496866e-02
  -1.1134768e-02
  -3.9509611e-03
   5.6462291e-03
   1.0663300e-02
   6.9221391e-03
   3.6936529e-03
   8.3544725e-03
   1.3561908e-02
   1.1439908e-02
   6.9531610e-03
   5.5852005e-03
   1.8817083e-03
  -7.5374379e-03
  -1.3510725e-02
  -9.4327617e-03
  -3.6922550e-03
  -5.2364901e-03
  -9.9694793e-03
  -1.2762162e-02
  -1.8774253e-02
  -3.0672151e-02
  -3.8498098e-02
  -3.4949355e-02
  -2.7971561e-02
  -2.6566055e-02
  -2.7261794e-02
  -2.5845105e-02
  -2.8308575e-02
  -3.7873047e-02
  -4.4719498e-02
  -4.1081735e-02
  -3.3854119e-02
  -3.0781714e-02
  -2.7399346e-02
  -1.9021682e-02
  -1.1849272e-02
  -1.0150415e-02
  -5.9166137e-03
   6.5090150e-03
   1.8379581e-02
   2.0702708e-02
   1.7541705e-02
   1.4259241e-02
   6.3937664e-03
  -7.9533305e-03
  -1.8334854e-02
  -1.6988688e-02
  -1.1227900e-02
  -9.6411202e-03
  -8.9032226e-03
  -5.2110484e-03
  -4.9186641e-03
  -1.1777745e-02
  -1.6809649e-02
  -1.2944715e-02
  -7.2502115e-03
  -7.3879284e-03
  -8.8397397e-03
  -6.6359342e-03
  -6.2555612e-03
  -1.1190313e-02
  -1.2938466e-02
  -5.3858257e-03
   3.3440172e-03
   4.6615529e-03
   2.4801068e-03
   1.7514542e-03
  -2.3471946e-03
  -1.2242199e-02
  -1.8322728e-02
  -1.3531851e-02
  -5.3925322e-03
  -2.4836681e-03
  -1.5440245e-03
   1.3435840e-03
   3.2003765e-04
  -7.8587381e-03
  -1.4010625e-02
  -1.0898531e-02
  -5.2313509e-03
  -4.4749644e-03
  -4.3823893e-03
  -4.1905642e-04
   1.6478533e-03
  -2.0338199e-03
  -3.5511572e-03
   2.8037259e-03
   9.0160404e-03
   6.8219277e-03
   3.6453262e-04
  -5.0410215e-03
  -1.3533695e-02
  -2.6906740e-02
  -3.5283113e-02
  -3.1442813e-02
  -2.2623077e-02
  -1.7338369e-02
  -1.2777070e-02
  -5.6754644e-03
  -2.4275811e-03
  -6.8900385e-03
  -1.0701405e-02
  -7.2240457e-03
  -3.1948573e-03
  -5.8134536e-03
  -1.0572106e-02
  -1.2456797e-02
  -1.6364955e-02
  -2.5276749e-02
  -3.0745246e-02
  -2.6637356e-02
  -2.0457677e-02
  -2.0236825e-02
  -2.2178146e-02
  -2.1591445e-02
  -2.3196644e-02
  -2.9505766e-02
  -3.1611079e-02
  -2.3071951e-02
  -1.1353670e-02
  -4.9070896e-03
  -8.5025039e-04
   4.3866006e-03
   5.1264755e-03
  -1.7365306e-03
  -7.3873772e-03
  -4.8024644e-03
  -2.0770237e-04
  -5.2491298e-04
  -1.5058919e-03
   1.3531850e-03
   2.6974378e-03
  -1.0537898e-03
  -2.3244706e-03
   4.2983731e-03
   1.1090172e-02
   1.0045792e-02
   4.9616210e-03
   7.4426386e-04
  -6.6991487e-03
  -1.9192792e-02
  -2.7387403e-02
  -2.4408672e-02
  -1.7102574e-02
  -1.3473585e-02
  -1.0679699e-02
  -5.4144253e-03
  -3.5644093e-03
  -8.6059783e-03
  -1.2399057e-02
  -8.4980017e-03
  -3.2737009e-03
  -3.6143807e-03
  -5.3265337e-03
  -3.8074362e-03
  -3.9633442e-03
  -8.9143829e-03
  -1.0905476e-02
  -4.3789897e-03
   3.2570796e-03
   4.1519517e-03
   1.8070375e-03
   6.6583972e-04
  -3.7031930e-03
  -1.3535356e-02
  -2.0100409e-02
  -1.6959126e-02
  -1.0891578e-02
  -9.6086114e-03
  -1.0038187e-02
  -8.4994382e-03
  -1.0195126e-02
  -1.7962948e-02
  -2.3371899e-02
  -1.9793674e-02
  -1.3316698e-02
  -1.0764320e-02
  -8.3626931e-03
  -2.1192179e-03
   2.5633613e-03
   2.0015425e-03
   3.1970163e-03
   1.1157485e-02
   1.8446279e-02
   1.7440418e-02
   1.1842157e-02
   6.4759928e-03
  -2.3655151e-03
  -1.6202629e-02
  -2.5903861e-02
  -2.4718005e-02
  -1.9012551e-02
  -1.6314783e-02
  -1.3877544e-02
  -8.5768358e-03
  -6.1118543e-03
  -9.9331814e-03
  -1.2451148e-02
  -7.7033915e-03
  -1.9349066e-03
  -1.8547266e-03
  -3.5631835e-03
  -2.7125514e-03
  -3.9547488e-03
  -1.0176099e-02
  -1.3841588e-02
  -9.4687013e-03
  -3.9092733e-03
  -4.4341342e-03
  -7.5123125e-03
  -8.7536015e-03
  -1.2282345e-02
  -2.0196133e-02
  -2.4212326e-02
  -1.8301526e-02
  -9.0949736e-03
  -4.1569203e-03
  -8.0041594e-04
   4.2374141e-03
   5.7703487e-03
   9.0568530e-04
  -2.4520754e-03
   1.9516774e-03
   8.3243088e-03
   1.0244427e-02
   1.1454147e-02
   1.5952027e-02
   1.8809913e-02
   1.6744388e-02
   1.6639691e-02
   2.3441527e-02
   3.0179024e-02
   2.9636485e-02
   2.5320280e-02
   2.1736011e-02
   1.5195812e-02
   4.0504180e-03
  -3.2229571e-03
  -4.1918527e-04
   6.1828946e-03
   9.2405554e-03
   1.1263350e-02
   1.5191482e-02
   1.5632205e-02
   9.4107179e-03
   3.9405085e-03
   5.1336627e-03
   7.2958833e-03
   4.2958138e-03
   9.4484108e-05
  -9.6212926e-04
  -3.1673212e-03
  -9.2064909e-03
  -1.1913735e-02
  -6.1604997e-03
   1.3524355e-03
   3.4668588e-03
   3.2823789e-03
   4.7032763e-03
   3.5286577e-03
  -2.4763612e-03
  -5.5979834e-03
  -1.9993961e-04
   7.3655511e-03
   9.9377493e-03
   1.0202245e-02
   1.1456797e-02
   8.9915142e-03
   3.0714120e-04
  -6.8022287e-03
  -6.1354219e-03
  -3.0141945e-03
  -3.4146763e-03
  -3.6898810e-03
  -1.5769835e-05
   2.8591174e-03
   1.6995824e-03
   2.9220192e-03
   1.1072629e-02
   1.9335348e-02
   2.0675336e-02
   1.8308237e-02
   1.6444125e-02
   1.1531418e-02
   2.0104839e-03
  -3.9822057e-03
  -4.4268164e-04
   6.7521817e-03
   1.0713640e-02
   1.3929453e-02
   1.9267615e-02
   2.1610432e-02
   1.7904100e-02
   1.5135580e-02
   1.8812609e-02
   2.3341194e-02
   2.2687218e-02
   2.0431848e-02
   2.0538332e-02
   1.8769639e-02
   1.2474006e-02
   8.4564385e-03
   1.1653807e-02
   1.5801720e-02
   1.4268863e-02
   1.0258921e-02
   7.7811264e-03
   3.1343117e-03
  -5.5173888e-03
  -1.0559612e-02
  -6.4145781e-03
   9.9249830e-04
   4.8784913e-03
   7.7542506e-03
   1.2624289e-02
   1.4779438e-02
   1.1554472e-02
   1.0055400e-02
   1.5853605e-02
   2.3545773e-02
   2.7140193e-02
   2.9876548e-02
   3.5237717e-02
   3.8618725e-02
   3.6944897e-02
   3.6426106e-02
   4.1561551e-02
   4.6073644e-02
   4.3510859e-02
   3.7206163e-02
   3.1430423e-02
   2.3024398e-02
   1.0681271e-02
   2.2808768e-03
   3.6078893e-03
   9.0592281e-03
   1.2013564e-02
   1.4747753e-02
   1.9875355e-02
   2.2387401e-02
   1.9250406e-02
   1.7026442e-02
   2.0900878e-02
   2.5514130e-02
   2.5127645e-02
   2.3206955e-02
   2.3609405e-02
   2.2388437e-02
   1.7108642e-02
   1.4335662e-02
   1.8824177e-02
   2.4607528e-02
   2.5320910e-02
   2.3927165e-02
   2.4111238e-02
   2.2169304e-02
   1.6153016e-02
   1.3119237e-02
   1.8196158e-02
   2.5575391e-02
   2.8678975e-02
   2.9852801e-02
   3.1983127e-02
   3.0672108e-02
   2.3537570e-02
   1.7570949e-02
   1.8340335e-02
   2.0968321e-02
   2.0013897e-02
   1.8814410e-02
   2.0894096e-02
   2.2002657e-02
   1.9275852e-02
   1.8625403e-02
   2.4255583e-02
   3.0025698e-02
   2.9575774e-02
   2.5842757e-02
   2.2645886e-02
   1.6728858e-02
   6.6337055e-03
  -2.8623778e-04
   1.3876217e-03
   6.2836540e-03
   8.1299005e-03
   9.2057639e-03
   1.2164840e-02
   1.2426971e-02
   7.3123984e-03
   3.2887275e-03
   5.4859265e-03
   8.9341639e-03
   8.2466693e-03
   6.7526982e-03
   8.0912547e-03
   8.3986542e-03
   5.2038685e-03
   4.5880320e-03
   1.0889825e-02
   1.8225392e-02
   2.0353654e-02
   1.9969842e-02
   2.0509227e-02
   1.8417022e-02
   1.1872085e-02
   7.6980830e-03
   1.0923672e-02
   1.6175057e-02
   1.7357440e-02
   1.6884231e-02
   1.7662550e-02
   1.5613956e-02
   8.5352767e-03
   3.1124312e-03
   4.6199700e-03
   8.3186493e-03
   8.8927082e-03
   9.3765063e-03
   1.2974393e-02
   1.5481842e-02
   1.4041003e-02
   1.4204759e-02
   1.9944007e-02
   2.5410443e-02
   2.4596004e-02
   2.0406112e-02
   1.6619973e-02
   1.0282612e-02
   1.5486214e-04
  -6.6120222e-03
  -4.7456251e-03
   6.8469896e-04
   3.6961375e-03
   6.4086281e-03
   1.1245014e-02
   1.3679360e-02
   1.0966223e-02
   9.0732976e-03
   1.2694893e-02
   1.6909015e-02
   1.6434867e-02
   1.4363002e-02
   1.4142734e-02
   1.2129992e-02
   6.0741258e-03
   1.9427746e-03
   4.0836989e-03
   7.1136425e-03
   5.3136622e-03
   1.4789749e-03
  -9.2250071e-04
  -5.1441716e-03
  -1.2845822e-02
  -1.7502394e-02
  -1.4367900e-02
  -8.6850671e-03
  -6.4326894e-03
  -5.4996072e-03
  -3.3156488e-03
  -3.9714322e-03
  -9.7414908e-03
  -1.4372596e-02
  -1.2904526e-02
  -9.8760520e-03
  -1.0315771e-02
  -1.1225504e-02
  -9.3999258e-03
  -8.6771256e-03
  -1.1597782e-02
  -1.2679511e-02
  -7.9747796e-03
  -2.9510886e-03
  -3.2805174e-03
  -6.1830159e-03
  -8.1028918e-03
  -1.1968146e-02
  -1.9112529e-02
  -2.2887921e-02
  -1.8452678e-02
  -1.0835037e-02
  -5.9135251e-03
  -1.7923251e-03
   3.7621345e-03
   6.4025305e-03
   3.5373585e-03
   9.4738210e-04
   3.2400128e-03
   5.8685127e-03
   3.9569515e-03
   6.2148009e-04
  -6.9734855e-04
  -3.3655298e-03
  -9.4603131e-03
  -1.3256863e-02
  -1.0624804e-02
  -6.7712230e-03
  -7.2583227e-03
  -9.5377163e-03
  -1.0425452e-02
  -1.3149924e-02
  -1.9395656e-02
  -2.2995374e-02
  -1.9439994e-02
  -1.3718441e-02
  -1.1481250e-02
  -1.0615558e-02
  -8.5455879e-03
  -9.0486991e-03
  -1.4172919e-02
  -1.7840054e-02
  -1.5242065e-02
  -1.0692565e-02
  -9.0263427e-03
  -7.4633388e-03
  -3.0755663e-03
   2.9410923e-04
   1.5156788e-05
   1.1134469e-03
   7.1575456e-03
   1.2747162e-02
   1.2331152e-02
   8.4940062e-03
   4.6295668e-03
  -1.9931890e-03
  -1.2513426e-02
  -2.0382198e-02
  -2.0730762e-02
  -1.8095523e-02
  -1.7818792e-02
  -1.7826678e-02
  -1.5756521e-02
  -1.5587288e-02
  -1.9684326e-02
  -2.2482007e-02
  -1.9608991e-02
  -1.5512745e-02
  -1.5014033e-02
  -1.5337247e-02
  -1.3421921e-02
  -1.2720624e-02
  -1.5441206e-02
  -1.6302423e-02
  -1.1503339e-02
  -6.1175485e-03
  -5.5020888e-03
  -7.2045068e-03
  -8.1158191e-03
  -1.1220180e-02
  -1.8001217e-02
  -2.2424894e-02
  -2.0047440e-02
  -1.5525792e-02
  -1.4178620e-02
  -1.3935714e-02
  -1.2320916e-02
  -1.2968319e-02
  -1.7886443e-02
  -2.1330237e-02
  -1.8775539e-02
  -1.4416597e-02
  -1.2929285e-02
  -1.1679520e-02
  -7.8586051e-03
  -5.0993348e-03
  -5.8424059e-03
  -5.1782548e-03
   4.2526583e-04
   5.9239582e-03
   6.1181476e-03
   3.5664516e-03
   1.5651014e-03
  -2.4957099e-03
  -9.7546298e-03
  -1.4046470e-02
  -1.0860585e-02
  -4.7233466e-03
  -9.5730997e-04
   2.2029953e-03
   6.8095153e-03
   8.8735634e-03
   5.9941851e-03
   3.4169628e-03
   5.3100667e-03
   7.4698081e-03
   5.3997692e-03
   1.9302430e-03
   2.0776693e-04
  -2.8286197e-03
  -9.0418102e-03
  -1.3139044e-02
  -1.1275524e-02
  -8.1487696e-03
  -8.7871457e-03
  -1.0808714e-02
  -1.1268882e-02
  -1.3117427e-02
  -1.7918976e-02
  -2.0077529e-02
  -1.5539010e-02
  -8.9645474e-03
  -5.6335597e-03
  -3.7194155e-03
  -9.6307851e-04
  -9.0548125e-04
  -5.4778009e-03
  -9.1353353e-03
  -7.4586297e-03
  -4.3454944e-03
  -4.1373965e-03
  -4.1720292e-03
  -1.6313546e-03
   1.0828610e-04
  -1.2226637e-03
  -8.9376656e-04
   4.4646659e-03
   9.9683429e-03
   1.0552206e-02
   8.5626344e-03
   7.0453062e-03
   3.3937864e-03
  -3.5702798e-03
  -7.9975634e-03
  -5.5859108e-03
  -6.5083271e-04
   1.7689335e-03
   3.4612428e-03
   6.5146934e-03
   7.2432079e-03
   3.4819318e-03
   3.7992901e-04
   2.0270574e-03
   4.4517329e-03
   3.3560997e-03
   1.4164126e-03
   1.5661479e-03
   7.4889289e-04
  -2.9733051e-03
  -4.6952385e-03
  -9.0033076e-04
   3.7531549e-03
   4.3175781e-03
   2.9894728e-03
   2.5531548e-03
   1.9303684e-04
  -5.5286637e-03
  -9.1397382e-03
  -6.6122650e-03
  -2.2552660e-03
  -9.6655752e-04
  -8.4069588e-04
   4.1713123e-04
  -4.9836092e-04
  -5.3949571e-03
  -8.9598875e-03
  -7.0076979e-03
  -3.3734052e-03
  -2.3508730e-03
  -1.5351522e-03
   1.6244428e-03
   3.7480102e-03
   2.5435120e-03
   2.4733761e-03
   6.7422332e-03
   1.0686444e-02
   9.5182735e-03
   5.6053179e-03
   2.0204318e-03
  -3.5669707e-03
  -1.2112840e-02
  -1.7840461e-02
  -1.6484438e-02
  -1.2090212e-02
  -9.4475792e-03
  -6.8487446e-03
  -2.3511664e-03
   3.9553176e-04
  -8.3795740e-04
  -1.2860849e-03
   2.7896683e-03
   7.3940996e-03
   8.2392528e-03
   7.7675349e-03
   8.7136161e-03
   8.1116805e-03
   4.1215639e-03
   1.5229748e-03
   3.8033971e-03
   6.6289267e-03
   5.4024028e-03
   2.3882891e-03
   4.0216588e-04
  -3.1453135e-03
  -9.5563433e-03
  -1.3537029e-02
  -1.1223151e-02
  -6.7993325e-03
  -5.0497528e-03
  -4.2460047e-03
  -2.2962759e-03
  -2.4874521e-03
  -6.6537655e-03
  -9.7625608e-03
  -7.8314240e-03
  -4.5490609e-03
  -4.0098825e-03
  -3.8390468e-03
  -1.4973887e-03
  -1.3242016e-04
  -1.8453224e-03
  -2.2560392e-03
   1.7843609e-03
   5.8292138e-03
   5.2739107e-03
   2.3525897e-03
  -5.9739282e-05
  -4.3143304e-03
  -1.1462372e-02
  -1.6089859e-02
  -1.4230031e-02
  -9.8887279e-03
  -7.7565621e-03
  -6.2339721e-03
  -3.4472353e-03
  -2.8511816e-03
  -6.4878324e-03
  -9.6309884e-03
  -8.5129191e-03
  -6.7908074e-03
  -8.4054779e-03
  -1.0840428e-02
  -1.1329638e-02
  -1.2635879e-02
  -1.6491805e-02
  -1.8316335e-02
  -1.4826050e-02
  -1.0312873e-02
  -9.3611384e-03
  -9.9762518e-03
  -9.6411141e-03
  -1.1032377e-02
  -1.5563962e-02
  -1.8262542e-02
  -1.5482391e-02
  -1.1272600e-02
  -1.0205980e-02
  -1.0535430e-02
  -1.0121876e-02
  -1.1975494e-02
  -1.7693039e-02
  -2.2259045e-02
  -2.1684104e-02
  -1.9395101e-02
  -1.9249581e-02
  -1.8920282e-02
  -1.5968899e-02
  -1.3479867e-02
  -1.3568878e-02
  -1.2136687e-02
  -6.2856760e-03
  -4.3884745e-04
   8.3798330e-04
  -4.1032697e-04
  -1.4901253e-03
  -4.7073423e-03
  -1.1077512e-02
  -1.5349764e-02
  -1.3637427e-02
  -9.7168482e-03
  -8.0151345e-03
  -6.8980811e-03
  -4.4791061e-03
  -4.0297954e-03
  -7.4882295e-03
  -1.0298237e-02
  -8.8573876e-03
  -6.7484232e-03
  -7.8472292e-03
  -9.8123243e-03
  -1.0059055e-02
  -1.1321288e-02
  -1.5316430e-02
  -1.7640851e-02
  -1.5105693e-02
  -1.1792200e-02
  -1.2030739e-02
  -1.3778546e-02
  -1.4471715e-02
  -1.6553186e-02
  -2.1257832e-02
  -2.3680730e-02
  -2.0232752e-02
  -1.4795242e-02
  -1.1806579e-02
  -9.6581729e-03
  -6.4112947e-03
  -5.1379690e-03
  -7.5752403e-03
  -9.0911265e-03
  -6.0408610e-03
  -1.9203284e-03
  -6.0756926e-04
   3.7888437e-05
   2.3204859e-03
   3.2724905e-03
   9.2133594e-04
  -6.4860894e-04
   1.5322643e-03
   3.3945291e-03
   7.4567911e-04
  -4.2224603e-03
  -8.7079195e-03
  -1.4769931e-02
  -2.3264079e-02
  -2.9041028e-02
  -2.8321119e-02
  -2.4779869e-02
  -2.2767100e-02
  -2.0810328e-02
  -1.7215503e-02
  -1.5283350e-02
  -1.7022283e-02
  -1.8147125e-02
  -1.5268244e-02
  -1.1910292e-02
  -1.1848039e-02
  -1.2812648e-02
  -1.2271891e-02
  -1.2816363e-02
  -1.6044208e-02
  -1.7634457e-02
  -1.4450841e-02
  -1.0407978e-02
  -9.6879872e-03
  -1.0337204e-02
  -9.9252813e-03
  -1.0889325e-02
  -1.4514790e-02
  -1.6153492e-02
  -1.2425535e-02
  -7.1646728e-03
  -4.7194882e-03
  -3.5537266e-03
  -1.7728802e-03
  -2.2925319e-03
  -6.6993977e-03
  -1.0383741e-02
  -9.6690101e-03
  -7.7819497e-03
  -8.3239508e-03
  -9.0865659e-03
  -7.7314398e-03
  -7.0647750e-03
  -8.9753992e-03
  -9.5342563e-03
  -5.9375700e-03
  -2.2400639e-03
  -2.6475887e-03
  -5.2002458e-03
  -7.3508933e-03
  -1.1251973e-02
  -1.7866689e-02
  -2.2304668e-02
  -2.0959079e-02
  -1.7401081e-02
  -1.5810100e-02
  -1.4681404e-02
  -1.2261936e-02
  -1.1618563e-02
  -1.4557550e-02
  -1.6788917e-02
  -1.4908346e-02
  -1.2244862e-02
  -1.2408446e-02
  -1.3190585e-02
  -1.2168525e-02
  -1.1925408e-02
  -1.4112175e-02
  -1.4657258e-02
  -1.0643681e-02
  -5.9875428e-03
  -4.8459949e-03
  -5.3933679e-03
  -5.3030486e-03
  -6.9295954e-03
  -1.1468768e-02
  -1.4320047e-02
  -1.2083218e-02
  -8.3409125e-03
  -7.1706233e-03
  -6.9451808e-03
  -5.7094712e-03
  -6.2096282e-03
  -9.9414645e-03
  -1.2427481e-02
  -1.0139335e-02
  -6.2928892e-03
  -4.5017575e-03
  -2.7596202e-03
   1.0562673e-03
   4.0739792e-03
   4.3274208e-03
   5.5290990e-03
   1.0333532e-02
   1.4770237e-02
   1.4760922e-02
   1.2256010e-02
   9.8081256e-03
   5.4240431e-03
  -1.7232911e-03
  -6.7714669e-03
  -6.1169521e-03
  -3.1564686e-03
  -1.9081500e-03
  -8.9641865e-04
   1.5632378e-03
   2.4383470e-03
  -1.0131157e-04
  -1.9704312e-03
   5.2442088e-05
   2.6464778e-03
   2.2342296e-03
   9.2473545e-04
   1.0677063e-03
   1.7581840e-04
  -3.2993559e-03
  -5.3096035e-03
  -2.9100728e-03
   2.0229677e-04
   9.2093640e-05
  -1.3669917e-03
  -1.8381627e-03
  -3.5757557e-03
  -7.7453527e-03
  -9.9087406e-03
  -6.8337260e-03
  -2.1206203e-03
   1.2460041e-04
   1.3414035e-03
   3.2920381e-03
   3.1752910e-03
  -5.6377913e-04
  -3.6210419e-03
  -2.5704095e-03
  -5.0920494e-04
  -8.7656847e-04
  -1.5938004e-03
  -4.3673869e-04
  -3.0911692e-05
  -2.1149851e-03
  -2.9017162e-03
   3.4124483e-04
   3.8501819e-03
   3.7098745e-03
   1.8336737e-03
   6.7211257e-04
  -1.8049091e-03
  -6.5298123e-03
  -8.9130021e-03
  -5.6070853e-03
  -9.5494296e-05
   3.5434121e-03
   6.6161975e-03
   1.0668139e-02
   1.2681494e-02
   1.0854081e-02
   9.1992766e-03
   1.0924283e-02
   1.2877208e-02
   1.1671718e-02
   9.4789847e-03
   8.7001051e-03
   6.9968143e-03
   2.9233940e-03
   4.7190288e-04
   2.5274935e-03
   5.4589000e-03
   5.3772455e-03
   4.0526791e-03
   3.7015163e-03
   2.0566361e-03
  -2.0737942e-03
  -4.3850464e-03
  -1.7251036e-03
   2.4067472e-03
   4.0419053e-03
   4.6545943e-03
   6.0501772e-03
   5.5779227e-03
   1.8008624e-03
  -1.0023867e-03
   5.6553306e-04
   3.4907245e-03
   4.3886038e-03
   5.2358437e-03
   8.1186412e-03
   1.0351083e-02
   1.0096400e-02
   1.0919018e-02
   1.5358219e-02
   1.9614172e-02
   1.9767608e-02
   1.7643333e-02
   1.5637470e-02
   1.1806161e-02
   5.3240683e-03
   8.1139718e-04
   1.7012836e-03
   4.7527468e-03
   6.1424441e-03
   7.3082891e-03
   9.8962921e-03
   1.1044635e-02
   9.0363106e-03
   7.8035137e-03
   1.0440530e-02
   1.3765258e-02
   1.4328553e-02
   1.4103473e-02
   1.5277873e-02
   1.5396477e-02
   1.2895077e-02
   1.1570127e-02
   1.4171673e-02
   1.7102866e-02
   1.6558070e-02
   1.4324334e-02
   1.2663415e-02
   9.4660538e-03
   3.6929770e-03
  -2.9853226e-04
   7.0987455e-04
   3.3895116e-03
   3.9212404e-03
   3.7933482e-03
   4.7836590e-03
   4.2612580e-03
   7.5681503e-04
  -1.6084775e-03
   4.1069990e-04
   3.7627077e-03
   5.0396471e-03
   6.1166164e-03
   9.0013923e-03
   1.1042176e-02
   1.0449326e-02
   1.0766035e-02
   1.4549623e-02
   1.8140525e-02
   1.7763537e-02
   1.5281732e-02
   1.3104630e-02
   9.3524517e-03
   3.2163410e-03
  -7.8813737e-04
   6.6023008e-04
   4.2960496e-03
   6.2637667e-03
   7.8752652e-03
   1.0651888e-02
   1.1695704e-02
   9.2591790e-03
   7.1857940e-03
   8.5333354e-03
   1.0222371e-02
   8.9459245e-03
   6.7635682e-03
   5.9681744e-03
   4.2917036e-03
   3.3944387e-04
  -2.0213097e-03
   1.9582144e-05
   2.9846517e-03
   3.1453909e-03
   2.2341968e-03
   2.4062396e-03
   1.4708666e-03
  -1.7402908e-03
  -3.0977634e-03
   4.0081416e-04
   5.3139623e-03
   7.7364083e-03
   9.0253891e-03
   1.0864414e-02
   1.0635849e-02
   6.9120505e-03
   3.8198988e-03
   4.6590369e-03
   6.5447123e-03
   6.2527706e-03
   5.7696289e-03
   7.2011389e-03
   8.0335464e-03
   6.5715967e-03
   6.3456678e-03
   9.8768282e-03
   1.3515798e-02
   1.3468504e-02
   1.1484789e-02
   9.8443961e-03
   6.5938524e-03
   8.4837212e-04
  -2.9977502e-03
  -1.6998646e-03
   1.5143820e-03
   2.8658731e-03
   3.7086337e-03
   5.6275148e-03
   5.8559965e-03
   2.7676172e-03
   2.5405685e-04
   1.4148574e-03
   3.2586295e-03
   2.5359105e-03
   1.2663870e-03
   1.6663895e-03
   1.4123001e-03
  -9.8066446e-04
  -1.8083039e-03
   1.5857561e-03
   5.6471912e-03
   6.5906098e-03
   6.0596217e-03
   6.1508603e-03
   4.6987402e-03
   5.8560787e-04
  -2.0299898e-03
  -7.7267036e-05
   3.1538677e-03
   3.9191703e-03
   3.6780238e-03
   4.1974202e-03
   2.9607477e-03
  -1.4023662e-03
  -4.7958314e-03
  -3.9756288e-03
  -1.8534140e-03
  -1.7017190e-03
  -1.6458754e-03
   3.0412464e-04
   1.5682091e-03
   3.9395343e-04
   2.3359624e-04
   3.5714694e-03
   6.8092967e-03
   6.2362151e-03
   3.6646423e-03
   1.4528235e-03
  -2.2289119e-03
  -8.1529633e-03
  -1.1869227e-02
  -1.0090853e-02
  -5.9841772e-03
  -3.3027133e-03
  -7.4864190e-04
   3.1662810e-03
   5.5785937e-03
   4.7307612e-03
   4.3292762e-03
   7.2956323e-03
   1.0518410e-02
   1.0654855e-02
   9.6302027e-03
   9.6099855e-03
   8.2994145e-03
   4.2840089e-03
   1.3472905e-03
   2.2688002e-03
   3.6826931e-03
   2.0038836e-03
  -9.6086775e-04
  -2.9694891e-03
  -6.0432095e-03
  -1.1199097e-02
  -1.4251837e-02
  -1.2140961e-02
  -8.1729089e-03
  -6.1450023e-03
  -4.7101193e-03
  -2.2336352e-03
  -1.3488557e-03
  -3.5456842e-03
  -4.8613563e-03
  -2.1567630e-03
   1.6108255e-03
   3.1542196e-03
   4.3373822e-03
   7.1649721e-03
   9.1114335e-03
   8.4845836e-03
   8.7752452e-03
   1.2504464e-02
   1.6122029e-02
   1.5944412e-02
   1.3765984e-02
   1.1903714e-02
   8.4847932e-03
   2.6768495e-03
  -1.1530281e-03
   2.0956292e-04
   3.5627893e-03
   5.1407097e-03
   6.2400749e-03
   8.3803985e-03
   8.7758685e-03
   5.7722891e-03
   3.1873860e-03
   4.0721129e-03
   5.4648712e-03
   4.1636725e-03
   2.2001881e-03
   1.8153766e-03
