   2.6345717e-02
   5.3812294e-02
   5.1897717e-02
   4.6742017e-02
   4.0956058e-02
   4.9690630e-02
   3.9691813e-02
   3.4741306e-02
   3.1549303e-02
   3.1928079e-02
   2.4718682e-02
   3.8015357e-02
   1.5828201e-02
   2.4914495e-02
   1.0155608e-02
   8.3410762e-03
   2.5708257e-02
   1.2910901e-02
   4.2302264e-03
   3.3085776e-03
   4.7526917e-03
   1.7270503e-02
   1.3256120e-02
   1.9103117e-02
   6.0496080e-03
   1.0004029e-02
   1.3820771e-02
   6.9872320e-03
   1.7960413e-03
   1.3370941e-02
   3.5410802e-03
   6.2129732e-03
   6.6342933e-03
   1.7495922e-02
   1.6930923e-02
   1.8142591e-02
   2.2587526e-02
   1.4328177e-02
   2.3890259e-04
   1.6901530e-02
   1.5925199e-02
   2.8528234e-02
   4.3128336e-02
   4.2975013e-02
   5.7880987e-03
   5.2395962e-02
   4.5697012e-02
   1.1761934e-02
   1.4356238e-02
   3.9491866e-02
   2.2831959e-02
   0.0000000e+00
   1.5784441e-02
   3.4463339e-02
   9.0089872e-04
   1.7727942e-03
   1.1865426e-02
   4.1644083e-03
   1.8141221e-03
   3.7033525e-02
   1.6705468e-02
   4.5056378e-03
   2.2631357e-02
   2.6356704e-02
   9.5141989e-03
   1.0469411e-02
   7.2800196e-03
   1.2806866e-02
   2.0696152e-02
   1.8439395e-03
   6.1749503e-02
   4.2088075e-02
   3.3859995e-02
   4.6302354e-02
   3.4081977e-02
   1.1782281e-02
   1.1547431e-02
   2.0224062e-02
   1.9897189e-02
   2.6496836e-02
   4.5239369e-02
   3.9444915e-03
   8.5023007e-03
   4.1776465e-02
   6.5658487e-02
   5.8061052e-03
   2.1782106e-02
   2.6817348e-02
   6.4203858e-02
   1.3621371e-02
   3.3517220e-02
   1.7363724e-02
   6.6245503e-02
   1.5507658e-03
   3.2933541e-02
   5.9564255e-02
   4.3048351e-03
   4.0947783e-02
   1.5770075e-02
   2.2745858e-02
   4.7759922e+00
   7.6564955e-01
   5.5694401e+00
   4.4271060e+00
   2.3718260e+00
   3.6949192e+00
   9.0751619e-01
   2.6296239e+00
   3.0907636e+00
   7.9404138e-01
   4.3070115e+00
   9.6279513e-01
   5.3833124e+00
   7.6172726e-01
   4.6634353e+00
   5.1795795e+00
   5.8532432e+00
   2.8002201e+00
   1.3391477e+00
   2.6112502e+00
   5.4285605e+00
   1.7687684e+00
   6.8600359e-01
   5.2116245e-01
   1.3730854e+00
   1.9519942e+00
   4.8451496e+00
   2.1098554e-01
   2.1965378e-01
   2.7057199e+00
   5.2800178e+00
   2.1485055e+00
   4.2656029e-01
   4.9434415e+00
   4.5812534e+00
   2.6722552e+00
   5.9272609e-01
   5.2579907e+00
   4.5263306e+00
   1.1199433e+00
   3.4166221e-01
   6.1066852e+00
   5.3458804e+00
   3.9695191e+00
   3.9704464e-01
   4.2322888e+00
   2.6853065e+00
   2.1823001e+00
   3.0714640e+00
   1.0277169e+00
   4.6790896e+00
   2.1086987e+00
   1.4710460e-01
   4.1678438e+00
   3.3006276e+00
   2.4705300e+00
   4.2209226e+00
   3.1409174e+00
   5.8735113e+00
   4.3991479e+00
   2.3557937e+00
   1.5377664e+00
   1.6535837e+00
   4.6232263e+00
   4.4716871e+00
   6.0913502e+00
   1.5202487e+00
   3.0057957e+00
   4.0450080e+00
   2.8273622e+00
   7.1934476e-01
   5.3842018e+00
   3.3364155e+00
   4.3292835e+00
   5.3889756e+00
   1.1972758e+00
   4.0409430e+00
   2.3667547e+00
   4.9909635e+00
   3.7072354e+00
   2.9969750e+00
   4.5756663e+00
   6.9718462e-01
   8.0379342e-01
   5.4147290e+00
   1.2168045e+00
   2.7523728e+00
   4.3237977e+00
   4.1601156e+00
   3.9812482e+00
   1.4550973e+00
   3.4400728e+00
   3.3889389e+00
   4.2462953e+00
   4.8511174e+00
   1.7883811e+00
   1.3559274e-01
   2.0765580e+00
   6.2535066e+00
   1.3309552e+00
